100 150
1 22
1 70
1 72
1 90
2 25
2 75
2 84
3 4
3 68
4 63
5 18
5 41
5 77
6 26
6 47
7 10
7 71
7 94
8 27
8 72
9 81
9 97
10 18
10 39
11 26
11 31
11 46
12 60
12 64
13 53
13 61
13 71
14 30
14 75
14 89
15 24
15 54
15 77
15 82
16 41
16 61
17 22
17 93
19 29
19 86
20 36
20 79
20 80
21 24
21 37
21 50
22 67
22 74
23 40
23 57
23 83
24 25
24 27
24 32
24 79
24 81
25 42
25 83
26 43
26 76
28 45
28 65
28 78
29 81
30 57
30 96
31 32
32 92
33 64
33 72
33 81
33 90
34 45
34 50
34 82
35 48
35 49
36 69
37 44
37 61
38 43
38 59
38 68
38 99
39 40
39 67
40 44
40 96
41 44
41 52
42 50
42 75
43 53
43 99
44 74
45 47
45 49
45 55
45 73
46 88
47 95
48 65
49 73
51 53
51 100
52 74
52 85
52 98
54 98
55 87
56 59
56 95
57 69
57 96
58 84
58 87
58 88
58 94
59 90
60 69
61 88
61 100
62 66
62 76
63 99
65 69
66 91
67 97
70 76
70 89
71 72
71 78
72 76
72 85
73 83
73 100
78 94
80 100
82 85
82 92
86 98
87 91
91 93
