500 700
1 243
1 343
1 410
1 493
2 102
2 226
3 144
3 327
4 32
4 71
4 137
5 150
5 177
5 386
6 38
6 72
6 223
6 224
7 191
7 233
7 276
8 9
8 262
9 25
10 21
10 52
10 114
10 444
11 162
11 280
11 405
12 132
12 312
13 91
13 390
13 486
14 25
14 259
15 376
15 406
16 240
16 471
17 140
17 247
18 120
18 341
18 346
19 62
19 95
20 177
20 373
21 196
21 373
22 101
22 278
22 423
22 449
23 184
23 342
23 464
24 124
24 189
24 264
24 280
25 486
26 96
26 246
26 364
26 452
27 89
27 256
27 289
27 346
27 453
27 457
28 293
28 304
28 344
28 348
29 71
29 403
29 471
30 157
30 188
31 77
31 253
31 384
32 380
33 260
33 436
34 301
34 420
35 97
35 162
35 197
35 218
35 314
36 170
36 420
37 205
37 246
37 305
37 479
38 167
39 124
39 291
39 485
40 125
40 160
40 291
40 475
41 86
41 320
41 440
42 67
42 123
42 424
43 115
43 240
43 345
44 206
44 333
44 442
45 311
45 374
46 218
46 407
46 419
47 350
47 489
48 135
48 400
49 281
49 498
50 123
50 285
50 395
51 203
51 212
51 404
52 295
53 153
53 404
54 146
54 248
54 490
55 71
55 259
56 128
56 332
57 99
57 236
57 238
57 299
58 306
58 403
58 424
58 474
59 223
59 296
59 380
60 173
60 488
61 416
61 461
62 71
62 132
63 73
63 198
64 76
64 311
65 89
65 181
66 131
66 309
67 165
68 312
69 70
69 86
69 401
70 246
70 329
71 395
72 258
72 403
72 432
72 449
73 330
73 376
74 212
74 481
75 81
75 125
76 166
76 382
77 101
77 227
77 263
77 335
78 187
78 215
79 87
79 161
79 261
79 307
79 407
80 124
80 310
80 492
81 106
81 484
82 263
82 270
82 423
82 472
83 278
83 465
84 214
84 372
85 244
85 421
86 92
86 306
87 235
87 425
87 470
88 138
88 359
89 271
90 358
90 428
91 121
91 154
91 456
92 324
92 455
93 388
93 448
94 166
94 315
95 322
96 115
96 339
96 467
97 383
97 435
98 325
98 363
98 462
99 329
99 330
99 483
100 256
100 297
100 335
101 111
101 283
102 273
103 234
103 375
103 444
104 108
104 316
105 255
105 311
105 356
106 113
106 312
107 120
107 233
107 416
108 176
109 127
109 398
110 418
110 497
111 290
111 499
112 268
112 429
113 209
113 368
113 372
114 242
115 178
115 412
115 467
116 219
116 292
116 317
117 216
117 470
118 190
118 258
119 149
119 273
119 365
119 398
119 440
120 383
121 399
121 493
122 285
122 304
122 464
123 294
123 352
123 393
125 290
125 319
126 148
126 276
127 267
128 206
129 235
129 238
130 206
130 294
130 475
131 458
132 169
133 161
133 351
133 372
134 239
134 434
135 271
136 171
136 207
136 409
137 195
138 185
139 179
139 227
140 277
141 280
141 325
142 296
142 434
143 178
143 319
143 491
144 193
145 207
145 273
145 399
146 423
146 429
146 463
147 167
147 329
148 274
149 314
149 454
150 219
150 345
150 492
151 368
151 438
152 230
152 232
152 463
153 464
153 469
154 232
155 165
155 473
156 193
156 355
157 437
158 246
158 309
158 369
158 409
159 194
159 419
160 176
161 284
162 363
162 406
163 225
163 360
164 340
164 482
165 323
165 485
166 369
167 302
168 387
168 392
168 414
169 199
169 432
170 264
171 227
171 417
172 360
172 466
173 265
174 284
174 302
175 177
175 265
178 293
178 396
179 308
180 197
180 338
180 491
181 203
182 345
182 408
182 451
183 192
183 370
183 428
184 286
184 405
184 433
185 334
186 199
186 257
186 445
187 354
188 204
188 219
188 225
188 433
189 195
189 317
190 307
191 365
191 395
191 457
192 445
194 244
196 221
197 496
198 277
198 356
198 402
199 418
200 224
200 237
201 247
201 340
202 364
202 422
203 388
204 286
204 290
205 366
205 401
206 251
206 402
207 315
208 216
208 303
208 468
209 281
210 282
210 310
210 446
211 251
211 412
211 494
213 257
213 280
214 362
214 487
215 396
215 438
217 357
217 469
218 448
218 450
219 251
219 484
220 233
220 474
221 433
222 296
222 451
222 476
222 487
223 231
224 267
224 303
225 365
226 472
228 255
228 453
229 279
229 482
230 459
231 320
231 490
232 427
232 429
234 343
236 410
237 382
238 337
239 323
239 478
240 337
240 434
241 370
241 415
242 287
243 260
243 278
243 376
245 313
245 417
245 456
246 314
246 412
247 269
248 397
249 341
249 377
249 481
250 431
250 497
251 479
252 371
252 392
253 394
253 447
253 467
254 289
254 302
255 336
255 493
256 289
258 496
259 446
260 312
261 263
262 410
263 477
266 272
266 400
268 357
269 301
269 458
270 360
270 367
271 370
271 469
272 484
273 386
274 424
274 464
275 366
275 411
275 435
275 478
277 318
279 441
282 437
283 438
285 391
286 303
286 326
286 472
287 308
288 300
288 393
292 463
293 359
293 365
294 332
294 440
295 333
296 340
297 326
298 305
298 408
299 393
299 415
300 346
300 362
303 486
308 497
309 407
310 323
310 449
313 354
315 377
315 437
316 353
318 426
318 454
319 442
321 323
321 381
322 460
324 455
325 395
325 403
327 476
328 346
328 365
328 385
328 408
331 355
331 413
334 430
335 379
336 348
336 368
336 481
337 375
337 378
338 436
339 431
341 498
342 385
342 486
343 440
344 387
344 406
345 494
347 395
347 397
347 465
349 375
349 389
350 392
350 411
350 458
351 487
352 387
352 394
353 453
356 439
358 385
358 497
361 432
361 443
362 390
362 420
362 500
364 388
367 489
368 409
370 383
370 457
371 381
373 406
374 425
377 499
378 448
378 466
379 468
381 411
381 469
384 417
386 422
388 407
388 439
389 443
390 460
391 446
391 460
392 475
398 446
402 426
408 490
411 462
413 442
414 452
417 443
421 447
424 460
425 480
426 435
427 477
428 478
430 468
434 443
438 496
439 451
439 475
440 473
440 491
441 473
444 483
444 498
450 485
457 478
459 479
461 495
464 496
480 500
488 495
