500 1100
1 8
1 82
1 272
1 402
1 485
2 368
2 428
2 434
2 463
2 500
3 91
3 127
3 179
3 273
3 300
3 357
4 385
4 453
5 133
5 142
5 477
6 98
6 130
6 243
6 274
6 309
6 311
7 45
7 124
7 141
7 385
8 16
8 84
8 158
8 384
9 41
9 137
9 201
9 246
9 349
9 355
10 239
10 451
11 212
11 406
12 42
12 197
12 221
12 275
12 396
13 58
13 62
13 119
13 309
13 382
14 52
14 76
14 195
14 224
15 82
15 98
15 127
15 165
15 262
15 264
16 34
16 430
17 160
17 182
17 218
17 445
17 475
17 479
18 393
18 420
18 490
19 409
19 438
20 43
20 45
20 127
20 261
20 358
20 447
21 105
21 180
21 229
22 122
22 242
22 319
22 337
22 406
23 40
23 144
23 199
23 371
23 487
24 32
24 82
24 165
24 307
24 362
24 496
25 132
25 162
25 188
25 259
25 305
25 362
25 429
25 446
26 162
26 188
26 228
27 71
27 82
27 270
27 363
27 423
27 466
28 293
28 388
29 78
29 97
29 200
29 460
30 281
30 318
30 325
31 145
31 241
31 392
31 398
32 35
32 129
32 166
32 199
33 154
33 179
33 254
33 294
34 37
34 94
34 134
34 151
34 163
34 348
35 38
35 333
35 424
35 457
36 43
36 76
36 109
36 147
36 150
36 215
36 252
36 258
37 44
37 53
37 336
37 495
38 191
39 186
39 414
39 425
39 496
40 126
40 229
40 230
40 288
40 291
40 308
41 89
41 97
41 472
42 65
42 120
42 141
42 205
42 346
42 394
43 82
43 117
43 136
43 300
44 348
44 455
45 65
45 235
45 343
45 390
46 130
46 395
46 460
47 79
47 126
48 64
48 112
48 305
48 486
49 185
49 351
50 157
50 352
50 384
50 415
51 412
51 423
52 287
52 438
53 146
53 194
54 74
54 264
54 419
55 102
55 140
55 314
56 298
56 354
56 374
57 64
57 93
57 129
57 460
58 100
58 108
58 222
58 275
58 318
58 415
58 433
59 77
59 240
59 268
59 381
60 152
60 169
60 224
60 236
60 349
60 352
60 353
61 85
61 93
61 164
61 221
61 236
61 242
61 359
62 390
62 394
63 107
63 159
64 207
64 341
64 406
65 267
65 450
66 237
66 278
66 308
66 494
67 219
67 236
67 264
67 269
67 285
67 492
68 287
68 307
68 399
68 404
69 311
69 371
69 378
70 116
70 287
71 410
71 471
72 98
72 104
72 226
72 234
73 92
73 101
73 397
73 499
74 200
74 212
74 402
74 422
74 469
75 76
75 97
75 102
75 251
75 290
75 297
75 425
76 372
76 462
77 106
77 209
78 137
79 184
79 342
79 445
80 331
80 335
80 347
80 365
80 369
80 400
81 230
81 264
81 458
82 115
82 303
82 315
83 414
83 476
83 477
84 324
84 496
85 99
85 182
85 224
85 436
86 214
86 309
86 315
86 466
87 224
87 315
87 334
87 492
88 355
88 359
88 420
88 421
88 455
88 482
89 97
89 132
89 176
90 190
90 222
90 247
90 266
91 181
91 313
91 480
92 121
92 131
92 382
93 172
93 227
93 262
93 337
94 187
94 334
94 444
95 358
95 431
96 112
96 189
96 306
96 339
96 343
98 162
98 177
98 218
99 228
99 305
99 448
100 159
100 481
101 152
101 228
101 320
102 112
102 142
102 238
102 282
102 363
102 432
102 482
102 500
103 138
103 214
103 227
103 447
103 481
104 159
104 161
104 441
104 452
104 466
105 141
105 236
105 360
105 366
105 476
105 486
106 133
106 212
106 383
106 460
107 185
107 201
107 295
108 135
108 139
108 197
108 258
109 117
109 312
109 481
110 158
110 225
110 463
110 493
111 192
111 218
112 189
112 341
112 344
112 398
113 214
113 228
113 238
113 439
113 476
114 190
114 333
115 360
116 368
116 375
117 240
117 383
118 443
118 467
118 475
119 288
119 377
120 154
120 462
121 213
121 442
122 217
122 416
122 449
123 215
123 263
123 283
124 199
124 202
125 150
125 197
125 237
125 386
126 194
126 320
126 496
127 183
127 420
128 193
128 297
128 311
128 404
128 418
128 457
129 162
129 186
130 230
130 257
130 266
130 318
131 220
131 259
131 422
132 311
132 314
132 332
132 420
132 480
132 497
133 140
133 355
133 414
133 422
133 476
134 252
134 333
134 459
134 477
134 498
135 486
136 286
136 417
136 427
137 173
137 299
137 480
137 484
138 310
138 339
139 180
139 472
139 479
140 435
141 349
141 413
141 445
142 440
143 200
143 386
143 441
143 471
144 221
144 265
144 384
145 303
145 307
145 337
145 491
146 257
147 213
147 226
147 442
147 469
148 295
148 357
148 372
148 436
148 461
149 178
149 410
150 162
150 363
150 390
151 267
152 213
152 444
152 495
153 190
153 304
153 342
153 378
153 457
154 244
154 308
154 335
155 391
155 425
155 429
156 241
156 271
156 311
156 325
156 344
156 472
157 209
157 271
157 410
157 417
158 170
158 254
158 343
159 346
160 182
160 214
160 377
160 489
161 239
161 245
161 261
161 389
161 394
162 227
162 317
162 328
162 392
162 401
162 423
162 432
162 435
163 214
163 233
163 437
164 188
164 222
164 305
164 374
164 469
165 197
166 213
166 241
166 359
167 270
167 487
167 491
168 194
168 221
168 433
168 452
169 334
169 349
169 489
170 293
170 421
171 283
171 301
171 306
172 222
172 232
172 301
172 384
172 498
173 384
173 428
174 371
174 381
174 478
175 250
175 448
175 482
176 310
176 321
176 463
177 180
177 182
177 251
177 253
177 352
178 266
178 432
179 429
180 187
180 225
180 342
180 393
180 478
180 493
181 212
181 401
181 473
182 226
182 360
182 427
182 438
183 267
183 456
184 255
184 369
185 303
186 195
186 217
186 282
186 316
186 444
187 367
187 399
188 226
188 294
188 431
189 196
189 203
189 328
189 414
191 402
191 403
192 348
192 417
193 345
193 448
193 467
194 237
194 467
194 484
195 439
195 483
196 247
196 249
196 312
196 364
196 378
197 201
197 376
198 208
198 221
198 234
198 280
199 362
200 350
200 357
200 363
200 383
201 276
201 473
202 358
202 394
202 484
203 309
203 344
203 355
203 397
204 281
204 444
204 446
204 447
205 316
205 358
205 422
205 431
205 463
205 491
206 284
206 343
206 365
206 448
207 231
207 286
207 315
208 353
208 364
209 413
210 220
210 312
210 343
210 392
211 317
211 368
211 397
211 496
213 493
214 265
214 318
214 349
215 377
216 227
216 323
216 383
216 445
216 451
217 326
217 350
217 408
217 434
218 344
219 221
219 321
219 410
220 234
220 465
221 338
221 361
221 410
221 434
222 311
223 254
223 315
223 335
223 450
225 296
225 314
225 388
225 474
227 287
227 392
227 468
228 403
229 244
229 348
229 429
230 338
231 342
231 422
231 470
232 261
232 440
233 329
233 375
233 400
234 381
235 262
235 387
235 461
236 318
237 275
237 392
237 456
238 288
238 357
238 361
239 245
239 385
240 323
240 430
240 486
241 374
241 428
241 492
242 255
242 488
243 470
243 474
245 349
246 373
246 389
246 474
247 276
247 316
247 412
248 279
248 327
249 354
249 363
249 396
250 495
251 277
251 288
251 439
252 376
253 331
253 415
253 452
253 463
254 362
254 398
256 269
256 324
257 271
257 309
257 333
257 397
257 400
258 393
259 407
260 265
260 310
260 464
262 283
262 294
263 405
263 492
265 277
266 322
266 433
267 350
268 332
268 393
268 462
268 481
269 370
269 454
270 356
270 411
270 456
270 472
271 299
271 325
271 449
272 435
273 296
273 299
273 354
274 358
274 377
274 462
275 379
275 429
276 465
277 303
277 471
278 300
279 306
279 340
280 319
280 340
281 419
281 443
282 337
282 362
282 408
282 461
284 364
284 366
284 391
284 480
285 371
285 417
285 434
287 322
288 366
288 376
288 396
289 372
289 484
290 440
290 463
291 373
291 484
292 346
292 364
292 484
293 308
293 457
294 420
294 423
295 303
295 321
295 375
295 461
296 495
297 449
298 455
299 387
299 483
300 340
301 459
301 486
302 352
302 395
302 413
303 342
303 349
303 462
303 490
304 341
304 346
304 374
304 444
304 470
305 403
306 315
306 461
308 366
308 394
308 399
309 317
309 356
311 317
311 453
313 361
313 432
314 456
314 485
315 389
316 332
316 334
317 444
318 389
318 460
321 376
321 415
322 335
322 337
322 392
322 403
322 498
323 356
323 441
325 330
325 355
326 371
327 372
327 476
328 381
328 408
328 492
329 373
330 445
330 487
331 333
331 336
331 438
331 464
332 447
333 388
333 497
334 411
337 471
338 380
339 359
339 415
340 356
341 402
341 416
341 439
342 358
342 391
343 420
344 497
345 378
345 411
346 498
347 399
347 405
348 367
348 446
350 490
351 387
351 415
351 420
351 453
352 378
355 363
355 493
356 445
356 470
360 430
361 446
362 381
363 463
363 489
364 387
364 392
365 468
365 470
365 480
367 371
367 383
368 394
369 383
369 457
370 428
370 432
374 396
374 444
378 499
379 419
380 404
380 424
380 426
381 491
382 484
383 459
385 448
386 411
389 424
390 417
391 485
392 430
392 469
395 404
395 424
395 460
396 481
398 474
399 491
400 500
401 445
401 498
403 464
405 448
406 414
407 438
409 436
409 463
411 434
411 483
413 442
413 493
415 477
416 476
418 421
418 424
419 496
420 483
421 499
422 475
426 451
426 479
426 489
427 453
429 500
431 447
431 448
431 462
437 458
437 497
442 464
443 457
446 494
450 475
454 459
456 466
460 471
460 479
460 497
463 473
467 494
470 481
476 498
478 488
486 497
