
1:   
2:   173|4 ,  5|-1 ,  68|10 ,  61|4 ,  131|-2 ,  85|-3 ,  10|4 ,  250|1 ,  141|-3 ,  23|-2 ,  47|4 ,  6|5 ,  151|7 ,  192|-5 ,  77|3
3:   5|2 ,  37|7 ,  43|5 ,  117|6 ,  292|-1 ,  244|11 ,  239|4 ,  129|-1 ,  192|-1 ,  178|8 ,  130|0 ,  98|1 ,  176|1 ,  257|6 ,  14|6 ,  78|2 ,  153|0 ,  134|5 ,  185|5 ,  174|1
4:   18|-4 ,  223|-9 ,  84|1 ,  68|1 ,  107|5 ,  33|-4 ,  238|-4 ,  195|-8 ,  10|-5 ,  198|-2 ,  249|-2 ,  148|0 ,  44|0 ,  209|-3 ,  174|-4 ,  224|5 ,  292|-5 ,  190|-1 ,  176|-1 ,  265|-3 ,  191|-6 ,  150|1 ,  49|2 ,  129|-5 ,  142|-7 ,  115|-6
5:   142|3 ,  141|3 ,  115|3 ,  3|7 ,  2|6 ,  74|10 ,  154|8 ,  140|10 ,  153|1 ,  150|14 ,  111|10 ,  234|1 ,  216|13 ,  43|4 ,  14|5 ,  294|6 ,  1|0 ,  107|12
6:   14|-1 ,  256|5 ,  147|4 ,  52|6 ,  188|2 ,  293|0 ,  55|2 ,  242|2 ,  6|2 ,  126|0 ,  73|8 ,  29|2 ,  185|5 ,  34|4
7:   230|2 ,  170|8 ,  29|9 ,  49|5 ,  194|-1 ,  61|2 ,  291|2 ,  44|5 ,  191|-3 ,  169|4 ,  232|2 ,  292|2
8:   244|11 ,  30|0 ,  31|2 ,  8|0 ,  51|-1 ,  164|2 ,  44|4 ,  198|4 ,  28|-2 ,  141|-2 ,  82|5 ,  160|5 ,  220|2 ,  206|8 ,  296|-2 ,  185|10 ,  174|1 ,  195|4 ,  264|7 ,  67|0 ,  281|4 ,  5|1 ,  150|12 ,  253|-3 ,  212|2 ,  152|6 ,  168|14 ,  172|9
9:   3|-8 ,  12|-10 ,  68|0 ,  118|-9 ,  14|-8 ,  133|0 ,  15|-7 ,  281|-7 ,  249|-7 ,  159|-4 ,  215|-3 ,  269|-4 ,  135|-10 ,  187|-7 ,  293|-13 ,  97|-7
10:   187|4 ,  90|8 ,  1|-2 ,  284|3 ,  23|-1 ,  212|2 ,  142|-5 ,  281|-3 ,  94|0 ,  17|-3 ,  131|0 ,  56|1 ,  141|-5 ,  174|-1 ,  3|-2 ,  222|-5 ,  84|2 ,  253|-4 ,  264|3 ,  230|1 ,  79|-1 ,  41|3
11:   150|1 ,  102|-4 ,  180|5 ,  158|2 ,  196|-2 ,  125|-7 ,  284|-1 ,  139|-2 ,  1|-8 ,  210|-4 ,  222|-7 ,  111|-2 ,  244|3 ,  296|-7 ,  119|2 ,  97|-5 ,  234|-4 ,  22|5
12:   135|2 ,  195|7 ,  5|5 ,  242|10 ,  153|4 ,  128|8 ,  83|12 ,  151|7 ,  139|6 ,  293|1 ,  210|6 ,  138|4 ,  251|11 ,  234|7 ,  292|5 ,  244|9 ,  2|12 ,  30|9 ,  238|2
13:   48|5 ,  24|8 ,  1|-5 ,  255|0 ,  239|1 ,  5|-3 ,  126|1 ,  195|2 ,  152|3 ,  234|-1 ,  222|-1 ,  33|7 ,  107|5 ,  122|13 ,  79|-5 ,  31|-2 ,  186|2
14:   144|8 ,  103|13 ,  102|6 ,  294|4 ,  104|6 ,  132|9 ,  30|2 ,  20|-2 ,  67|1 ,  38|-3 ,  110|1 ,  196|7 ,  133|7 ,  118|4
15:   274|6 ,  47|5 ,  128|9 ,  258|4 ,  186|12 ,  292|4 ,  35|5 ,  112|11 ,  7|9 ,  23|3 ,  42|8 ,  178|11 ,  1|1 ,  12|3 ,  6|10
16:   106|1 ,  79|-9 ,  185|-1 ,  71|-10 ,  164|-9 ,  209|-2 ,  50|-12 ,  12|-7 ,  265|-7 ,  35|-7 ,  160|-5 ,  276|-2 ,  31|-10 ,  255|-7 ,  148|-2 ,  1|-13
17:   1|6 ,  112|12 ,  65|13 ,  188|6 ,  211|12 ,  105|0 ,  269|9 ,  210|6 ,  110|4 ,  103|13 ,  228|10 ,  35|8 ,  119|14 ,  12|6 ,  51|7 ,  121|15 ,  208|8 ,  79|5 ,  97|8 ,  77|11 ,  28|1
18:   131|0 ,  109|-1 ,  238|-1 ,  111|5 ,  177|-4 ,  291|-3 ,  21|-1 ,  231|2 ,  160|-1 ,  141|-2 ,  293|-1 ,  269|-2 ,  187|-2 ,  239|0 ,  278|7 ,  288|-5 ,  48|2 ,  6|0 ,  52|2 ,  168|7
19:   133|1 ,  24|-3 ,  217|-9 ,  52|1 ,  136|-8 ,  48|-5 ,  244|-1 ,  296|-12 ,  15|-5 ,  117|-6 ,  8|-6 ,  1|-9 ,  130|-8 ,  145|-5 ,  102|-7 ,  151|0 ,  51|-7 ,  59|-4
20:   20|1 ,  194|7 ,  174|2 ,  156|9 ,  5|5 ,  281|7 ,  260|6 ,  98|6 ,  77|12 ,  4|13 ,  133|13 ,  138|7 ,  295|11 ,  110|4 ,  255|11 ,  59|10
21:   174|-3 ,  31|-6 ,  187|4 ,  50|-5 ,  70|5 ,  44|4 ,  78|-3 ,  85|1 ,  114|2 ,  192|-5 ,  292|-5 ,  293|-2 ,  96|6 ,  28|-6 ,  61|2 ,  264|4 ,  273|-6 ,  26|-1 ,  215|8 ,  230|-1
22:   223|-5 ,  209|-2 ,  84|-2 ,  294|1 ,  281|-8 ,  100|3 ,  164|0 ,  28|-4 ,  194|-1 ,  89|3 ,  196|-2 ,  21|-3 ,  179|4 ,  99|-2 ,  293|-5 ,  59|-2 ,  251|-3 ,  125|-6 ,  210|-4 ,  55|-6
23:   51|2 ,  156|6 ,  15|-1 ,  62|13 ,  153|0 ,  23|3 ,  288|0 ,  98|-2 ,  26|-3 ,  110|2 ,  5|2 ,  149|7 ,  37|4 ,  208|-1 ,  139|6
24:   66|1 ,  253|-6 ,  78|-5 ,  131|-2 ,  8|-3 ,  115|-4 ,  31|-6 ,  145|0 ,  273|-9
25:   293|-8 ,  195|-8 ,  13|-6 ,  253|-7 ,  148|-3 ,  153|-9 ,  160|-4 ,  29|-4 ,  18|0 ,  6|-5 ,  239|-9 ,  273|-10 ,  198|-5
26:   12|-1 ,  141|2 ,  6|8 ,  159|13 ,  151|9 ,  41|8 ,  56|6 ,  20|-1 ,  253|4 ,  15|5 ,  245|3 ,  142|4
27:   66|3 ,  187|0 ,  184|-2 ,  164|-6 ,  126|-10 ,  78|-9 ,  43|-6 ,  2|-4 ,  252|-3 ,  207|3 ,  169|-5 ,  81|1 ,  294|-3 ,  1|-5 ,  260|-6 ,  47|0 ,  17|-7 ,  15|-5 ,  96|1 ,  222|-7 ,  264|-4
28:   240|16 ,  63|8 ,  223|5 ,  244|11 ,  239|6 ,  177|3 ,  226|10 ,  184|8 ,  238|5 ,  160|4 ,  12|6 ,  131|8 ,  70|11 ,  110|4 ,  139|7 ,  145|4 ,  269|10 ,  287|7 ,  81|10 ,  212|4
29:   275|-2 ,  90|9 ,  294|-1 ,  279|4 ,  223|-1 ,  5|-4 ,  191|-1 ,  253|-6 ,  77|7 ,  28|-3 ,  184|7 ,  97|-2 ,  227|-2 ,  250|0 ,  110|-6 ,  204|4 ,  273|-3 ,  242|3 ,  1|-5
30:   130|3 ,  6|5 ,  69|15 ,  252|11 ,  253|-3 ,  136|1 ,  135|-1 ,  21|8 ,  269|2 ,  153|-3 ,  223|-3 ,  208|0 ,  227|-1 ,  185|4 ,  288|4 ,  28|-3 ,  158|10 ,  194|5
31:   244|13 ,  247|12 ,  131|3 ,  196|7 ,  175|17 ,  24|14 ,  230|7 ,  284|7 ,  20|0 ,  139|6 ,  145|7 ,  147|8 ,  49|7 ,  142|4 ,  96|15 ,  8|4 ,  292|6 ,  264|9
32:   257|-1 ,  61|-4 ,  284|-5 ,  265|-2 ,  167|-6 ,  12|-13 ,  55|-4 ,  23|-7 ,  164|-5 ,  18|-3
33:   185|3 ,  15|-3 ,  172|5 ,  145|1 ,  222|1 ,  102|-2 ,  223|-3 ,  77|4 ,  79|-5 ,  127|2 ,  85|-3 ,  208|3 ,  2|1 ,  74|1 ,  194|-1
34:   192|-4 ,  208|-5 ,  28|-6 ,  76|1 ,  84|-3 ,  222|-7 ,  115|-6 ,  199|0 ,  77|1 ,  210|-1 ,  223|-8 ,  82|0 ,  135|-6 ,  15|-5 ,  85|-3
35:   189|5 ,  115|4 ,  278|6 ,  79|1 ,  108|7 ,  188|2 ,  74|4 ,  253|-1 ,  128|6 ,  130|-1 ,  226|4 ,  59|4 ,  250|2 ,  287|7 ,  135|1 ,  223|3 ,  125|5
36:   274|0 ,  222|-6 ,  67|-6 ,  240|1 ,  285|4 ,  173|1 ,  127|1 ,  208|-3 ,  56|-3 ,  73|5 ,  270|8 ,  77|0 ,  194|-2 ,  169|1 ,  8|-2 ,  232|2 ,  174|-6 ,  192|-5
37:   248|0 ,  6|3 ,  4|3 ,  109|-1 ,  92|4 ,  225|3 ,  64|8 ,  164|-4 ,  56|2 ,  276|8 ,  292|-7 ,  147|-2 ,  23|1
38:   198|4 ,  26|4 ,  23|5 ,  222|3 ,  274|9 ,  248|8 ,  37|13 ,  183|10 ,  212|8 ,  195|1 ,  126|5 ,  145|6 ,  85|0 ,  152|4 ,  159|10 ,  92|8
39:   253|-11 ,  105|-8 ,  67|-8 ,  152|-10 ,  292|-11 ,  142|-7 ,  156|1 ,  222|-9 ,  121|2 ,  126|-7 ,  195|-6 ,  15|-6 ,  298|-5 ,  12|-7 ,  169|-2 ,  188|-9 ,  51|-11 ,  184|-2 ,  30|-6 ,  74|-3 ,  129|-11 ,  214|2
40:   232|-4 ,  56|-5 ,  30|-3 ,  118|-6 ,  47|-2 ,  198|-3 ,  248|-4 ,  78|-4 ,  164|-1 ,  38|-7 ,  188|-1 ,  115|-7 ,  238|-6 ,  141|-4 ,  150|4 ,  84|0 ,  71|-7
41:   30|-2 ,  43|-6 ,  13|-3 ,  7|-4 ,  231|-1 ,  260|-2 ,  150|6 ,  17|-5 ,  245|-1 ,  130|-3 ,  20|-6
42:   234|-6 ,  188|-5 ,  281|-2 ,  93|0 ,  48|-2 ,  111|0 ,  12|-9 ,  131|-6 ,  159|-1 ,  51|-6 ,  110|-4 ,  26|-5 ,  191|-5 ,  194|-1 ,  153|-8 ,  239|-8 ,  50|-5 ,  192|-8 ,  256|2 ,  223|-7
43:   140|10 ,  120|6 ,  210|7 ,  12|0 ,  250|1 ,  153|-1 ,  1|1 ,  131|0 ,  126|1 ,  273|2 ,  68|11 ,  21|9 ,  167|5 ,  50|-2 ,  147|7
44:   276|7 ,  139|-1 ,  98|-6 ,  100|5 ,  94|1 ,  142|0 ,  269|-1 ,  18|6 ,  129|-5 ,  156|4 ,  105|-3 ,  227|-1 ,  279|5 ,  50|-6 ,  141|-5 ,  109|-1 ,  273|-5 ,  174|-1 ,  130|-7 ,  114|-1
45:   131|-12 ,  234|-11 ,  5|-12 ,  73|-2 ,  82|-7 ,  105|-14 ,  30|-7 ,  153|-13 ,  126|-12 ,  168|-3 ,  139|-8 ,  138|-10 ,  205|-4 ,  248|-4 ,  97|-9 ,  206|-6 ,  78|-12 ,  293|-8
46:   13|-5 ,  239|-11 ,  174|-7 ,  56|-2 ,  258|-10 ,  260|-3 ,  293|-7 ,  194|-4 ,  248|-6 ,  169|-4 ,  21|-5 ,  79|-6 ,  44|-5 ,  215|2 ,  149|0 ,  135|-9 ,  85|-8 ,  83|3 ,  296|-12
47:   296|-1 ,  115|2 ,  294|4 ,  195|0 ,  260|2 ,  71|-1 ,  77|8 ,  223|-1 ,  44|6 ,  97|3 ,  194|1 ,  142|-3 ,  234|0 ,  255|3 ,  94|3
48:   52|5 ,  240|10 ,  20|-4 ,  262|2 ,  178|6 ,  37|2 ,  158|6 ,  184|3 ,  43|0 ,  14|-2 ,  102|4 ,  127|-2 ,  152|3 ,  131|1 ,  34|9
49:   41|2 ,  43|-4 ,  208|-3 ,  220|0 ,  134|-4 ,  277|4 ,  59|5 ,  51|0 ,  291|1 ,  20|-1 ,  269|1 ,  167|1 ,  160|2 ,  78|-2 ,  17|-5 ,  74|0 ,  276|6 ,  230|-4 ,  273|-4
50:   26|5 ,  145|4 ,  249|5 ,  194|8 ,  37|8 ,  109|10 ,  6|8 ,  69|11 ,  149|14 ,  18|7 ,  97|3 ,  234|4
51:   273|2 ,  84|10 ,  40|10 ,  153|4 ,  85|4 ,  47|10 ,  126|1 ,  249|8 ,  230|8 ,  3|2 ,  112|11 ,  174|7 ,  88|11 ,  264|5 ,  207|11 ,  239|2
52:   115|-3 ,  63|5 ,  133|4 ,  89|4 ,  61|-1 ,  269|-1 ,  7|-1 ,  169|4 ,  153|-4 ,  293|-7 ,  171|6 ,  38|-3 ,  117|1
53:   42|-1 ,  294|-8 ,  129|-5 ,  10|-6 ,  38|-8 ,  242|-2 ,  180|-1 ,  212|-8 ,  191|-7 ,  274|-3 ,  202|-4 ,  108|1 ,  273|-11
54:   37|2 ,  99|0 ,  256|-2 ,  63|-5 ,  136|-9 ,  188|-5 ,  88|4 ,  231|-1 ,  222|-9 ,  26|-7 ,  61|-1 ,  8|-4 ,  259|1 ,  51|-9 ,  160|-5 ,  275|-2 ,  126|-7
55:   23|0 ,  26|1 ,  138|4 ,  162|3 ,  51|2 ,  71|-1 ,  259|8 ,  227|-3 ,  248|5
56:   15|-3 ,  199|4 ,  10|2 ,  48|4 ,  148|5 ,  188|0 ,  294|2 ,  145|1 ,  107|12 ,  220|3 ,  142|-3 ,  194|0 ,  79|-1 ,  228|3 ,  217|-1 ,  260|4 ,  36|6
57:   14|-1 ,  185|-1 ,  22|3 ,  38|-8 ,  10|0 ,  97|-5 ,  220|-3 ,  215|-2 ,  188|-1 ,  28|-4 ,  251|2 ,  217|-9 ,  184|-1 ,  41|3 ,  250|-2
58:   190|-2 ,  7|-9 ,  55|-5 ,  169|-8 ,  97|-8 ,  298|-2 ,  12|-14 ,  23|-4 ,  281|-10 ,  178|-2 ,  61|-6 ,  126|-12 ,  100|-2 ,  94|-8 ,  21|-2
59:   293|-1 ,  296|-6 ,  81|7 ,  253|-5 ,  239|-4 ,  31|-4 ,  169|4 ,  252|5 ,  265|2 ,  275|4 ,  94|5 ,  133|8 ,  174|1 ,  1|-2
60:   7|-1 ,  1|-5 ,  214|0 ,  176|-1 ,  98|-8 ,  85|-5 ,  239|-10 ,  35|-8 ,  293|-11 ,  188|-6 ,  223|-5 ,  23|-7 ,  61|-5 ,  165|2 ,  135|-3 ,  162|-2 ,  56|-4 ,  234|-6
61:   42|4 ,  97|2 ,  54|7 ,  258|-3 ,  117|2 ,  47|2 ,  230|2 ,  223|-4 ,  56|3 ,  238|1 ,  131|-3 ,  126|0 ,  284|0 ,  61|6 ,  159|5 ,  59|6 ,  115|1
62:   223|-11 ,  67|-8 ,  5|-9 ,  195|-7 ,  288|-9 ,  129|-5 ,  82|-2 ,  59|-4 ,  109|-6 ,  264|-4 ,  153|-10 ,  13|-4 ,  134|-8 ,  262|2 ,  230|-5 ,  56|-3 ,  117|-3 ,  294|-6 ,  131|-6 ,  85|-9
63:   275|2 ,  239|-5 ,  205|3 ,  28|-3 ,  265|-1 ,  12|-3 ,  85|-4 ,  287|5 ,  130|-1 ,  188|2 ,  20|-4 ,  42|8 ,  56|-2 ,  31|-5
64:   42|3 ,  294|-2 ,  130|-8 ,  277|-1 ,  57|3 ,  261|0 ,  128|-3 ,  111|4 ,  38|-6 ,  10|-3 ,  141|-5 ,  249|-7 ,  1|-5 ,  85|-9 ,  35|-7 ,  167|-6 ,  251|0
65:   188|-5 ,  223|-7 ,  110|-7 ,  74|-1 ,  269|-7 ,  85|-10 ,  132|-2 ,  37|-5 ,  194|-9 ,  210|-3 ,  100|0 ,  93|1 ,  142|-9 ,  227|-9
66:   102|0 ,  233|-7 ,  56|-2 ,  139|-4 ,  26|-7 ,  31|-4 ,  105|-4 ,  35|-2 ,  133|2 ,  97|-3 ,  153|-10 ,  262|2 ,  77|-2 ,  131|-5 ,  248|1
67:   139|6 ,  167|6 ,  88|13 ,  273|2 ,  239|4 ,  217|0 ,  245|7 ,  292|0 ,  270|10 ,  1|-1 ,  37|6 ,  126|3 ,  8|6 ,  121|9 ,  251|5 ,  230|7 ,  249|7 ,  253|-1
68:   239|-7 ,  134|-2 ,  97|-3 ,  1|-9 ,  71|-8 ,  260|-1 ,  79|-10 ,  210|-5 ,  78|-2 ,  138|-8 ,  248|-4 ,  176|-1 ,  287|0 ,  198|-6
69:   130|-12 ,  288|-5 ,  5|-8 ,  71|-7 ,  89|0 ,  187|-7 ,  43|-3 ,  251|-2 ,  87|5 ,  12|-8 ,  99|-6 ,  31|-10 ,  253|-8 ,  285|0 ,  7|-8
70:   111|6 ,  205|1 ,  234|-7 ,  105|-7 ,  1|-5 ,  20|-5 ,  37|4 ,  192|-4 ,  177|0 ,  227|-6 ,  245|2 ,  93|1 ,  195|-4 ,  84|0 ,  41|4 ,  27|9
71:   203|13 ,  127|2 ,  3|1 ,  151|7 ,  202|7 ,  105|1 ,  293|4 ,  111|7 ,  152|2 ,  20|1 ,  238|3 ,  198|6 ,  277|11 ,  42|12 ,  26|5 ,  130|1 ,  67|1 ,  43|7 ,  199|6 ,  167|6 ,  227|1 ,  249|6
72:   136|-8 ,  112|-3 ,  203|1 ,  208|-10 ,  134|-10 ,  167|-6 ,  34|-4 ,  233|-10 ,  293|-12 ,  105|-13 ,  67|-9 ,  42|0 ,  2|-8 ,  51|-7 ,  239|-8
73:   139|1 ,  77|0 ,  252|1 ,  31|-8 ,  120|-3 ,  233|-1 ,  273|-8 ,  222|-7 ,  228|3 ,  47|-2 ,  223|-8 ,  194|-5
74:   105|-5 ,  226|3 ,  12|-6 ,  185|1 ,  133|6 ,  260|-1 ,  114|4 ,  110|-5 ,  17|0 ,  134|0 ,  160|-2 ,  250|1 ,  92|4 ,  15|-5 ,  38|0 ,  115|-4 ,  31|0 ,  8|3 ,  139|1 ,  34|9
75:   139|-3 ,  71|-6 ,  3|-8 ,  120|-8 ,  110|-11 ,  220|-11 ,  117|-9 ,  188|-4 ,  28|-13
76:   28|-6 ,  249|-1 ,  176|-2 ,  281|-7 ,  260|-1 ,  261|-4 ,  296|-7 ,  230|-6 ,  298|-4 ,  144|1 ,  138|-8 ,  211|2 ,  142|-4 ,  33|-4 ,  184|1 ,  129|-6 ,  109|-4 ,  222|-6
77:   208|-3 ,  105|-6 ,  226|0 ,  129|-6 ,  180|3 ,  126|-3 ,  264|-3 ,  50|-1 ,  26|-2 ,  17|-7 ,  79|-4 ,  141|-2 ,  18|3 ,  202|1
78:   6|3 ,  76|14 ,  98|0 ,  195|4 ,  68|10 ,  15|3 ,  248|4 ,  153|3 ,  152|3 ,  43|3 ,  56|5 ,  130|-2 ,  79|0 ,  94|5 ,  208|2 ,  18|6 ,  13|6 ,  147|6 ,  245|2 ,  293|-2
79:   156|8 ,  12|1 ,  109|11 ,  102|6 ,  98|5 ,  277|13 ,  264|8 ,  111|11 ,  8|9 ,  35|6 ,  18|10 ,  296|5 ,  100|9 ,  188|8 ,  210|10 ,  43|4 ,  284|7 ,  118|4 ,  85|1 ,  192|1 ,  194|6 ,  131|2
80:   187|-3 ,  288|-12 ,  99|-8 ,  66|2 ,  12|-9 ,  41|-5 ,  251|-5 ,  208|-10 ,  210|-4 ,  97|-6 ,  152|-8 ,  48|-2 ,  84|-8
81:   227|-9 ,  281|-8 ,  274|-2 ,  79|-5 ,  61|0 ,  153|-10 ,  139|-4 ,  130|-10 ,  231|2 ,  43|-5
82:   264|7 ,  156|11 ,  195|-1 ,  79|3 ,  187|7 ,  87|13 ,  85|-2 ,  174|0 ,  274|7 ,  56|5 ,  288|2 ,  191|-1 ,  256|3 ,  17|0 ,  98|-3 ,  141|4 ,  178|8 ,  31|-2
83:   255|-6 ,  30|-6 ,  109|-5 ,  125|-9 ,  293|-6 ,  40|3 ,  87|-1 ,  274|-4 ,  226|-6 ,  86|1 ,  153|-7 ,  281|-8
84:   10|5 ,  185|1 ,  1|-1 ,  296|-4 ,  228|0 ,  86|5 ,  3|-2 ,  126|-4 ,  34|6 ,  142|0 ,  250|0 ,  26|-1 ,  186|5 ,  273|-5 ,  232|1
85:   125|7 ,  215|10 ,  56|3 ,  220|3 ,  99|9 ,  244|12 ,  145|3 ,  139|4 ,  97|8 ,  115|3 ,  132|7 ,  198|8 ,  194|8 ,  238|1 ,  140|7 ,  31|0 ,  288|3
86:   36|6 ,  132|2 ,  21|-2 ,  153|-3 ,  30|-4 ,  202|0 ,  31|-7 ,  239|-5 ,  159|0 ,  112|1 ,  223|-7 ,  256|-2 ,  198|-1 ,  225|8
87:   208|-2 ,  294|-3 ,  162|-1 ,  194|-5 ,  276|6 ,  141|-9 ,  212|-5 ,  150|1 ,  31|-8 ,  247|-1 ,  23|-5
88:   152|-6 ,  47|-2 ,  242|-1 ,  17|-7 ,  21|-1 ,  202|-5 ,  78|-6 ,  14|-3 ,  208|-8 ,  230|-5 ,  252|0 ,  84|-4 ,  147|-3 ,  40|5 ,  253|-9 ,  139|-7
89:   249|-1 ,  1|-5 ,  278|2 ,  210|0 ,  156|-1 ,  228|-1 ,  202|1 ,  35|-1 ,  152|-5 ,  100|1 ,  162|0 ,  96|6 ,  195|-8 ,  71|-5 ,  97|-2
90:   177|-4 ,  248|0 ,  291|-4 ,  296|-8 ,  230|-7 ,  250|-7 ,  128|-3 ,  277|3 ,  152|-5 ,  138|-2 ,  55|0 ,  20|-9 ,  38|-8 ,  176|-6 ,  167|-2 ,  249|-2 ,  96|3 ,  265|2 ,  31|-10 ,  66|2
91:   26|-11 ,  12|-11 ,  10|-3 ,  111|-2 ,  128|-1 ,  227|-11 ,  231|0 ,  71|-10 ,  125|-4 ,  102|-7 ,  43|-10 ,  199|-10 ,  51|-7 ,  30|-5 ,  273|-7 ,  152|-5 ,  17|-10 ,  253|-11 ,  110|-7
92:   150|4 ,  43|0 ,  31|-9 ,  188|-1 ,  167|-3 ,  23|1 ,  15|-5 ,  222|-4 ,  35|-4 ,  117|-5 ,  250|-3 ,  104|1 ,  63|0 ,  164|-1 ,  136|-4
93:   109|1 ,  18|1 ,  126|-3 ,  129|-1 ,  2|1 ,  23|0 ,  258|-5 ,  275|-4 ,  22|7 ,  34|3 ,  90|5 ,  31|-4 ,  251|-2 ,  152|-6 ,  253|-9 ,  239|-3 ,  85|-7 ,  130|-3 ,  255|2 ,  284|-2 ,  293|-6 ,  56|1
94:   139|3 ,  253|-2 ,  230|2 ,  85|-2 ,  208|0 ,  210|3 ,  187|1 ,  5|-3 ,  239|-3 ,  145|-2 ,  292|-3 ,  6|0 ,  48|1 ,  71|0 ,  36|6 ,  105|-4 ,  275|1
95:   169|-6 ,  146|-1 ,  258|-10 ,  185|-2 ,  148|-2 ,  250|-8 ,  264|-3 ,  209|1 ,  288|-8 ,  98|-10 ,  17|-8 ,  208|-9 ,  10|-4 ,  31|-12 ,  131|-5 ,  23|-8
96:   136|-6 ,  174|-2 ,  82|-2 ,  217|-8 ,  194|-4 ,  34|4 ,  135|-7 ,  264|0 ,  94|0 ,  20|-6 ,  23|-5 ,  98|-7 ,  202|1 ,  223|-8
97:   234|3 ,  210|5 ,  134|2 ,  192|-2 ,  125|2 ,  244|10 ,  98|1 ,  55|3 ,  265|6 ,  2|5 ,  6|7 ,  245|0 ,  194|1 ,  130|-1 ,  132|7 ,  223|2 ,  291|1 ,  57|12
98:   129|2 ,  190|10 ,  208|8 ,  206|8 ,  50|3 ,  44|9 ,  212|9 ,  43|6 ,  66|12 ,  23|10 ,  136|7 ,  176|10 ,  230|3 ,  141|4 ,  153|3 ,  198|10 ,  239|2 ,  164|7 ,  217|4
99:   97|1 ,  1|-5 ,  111|5 ,  41|3 ,  135|2 ,  31|-3 ,  203|5 ,  250|2 ,  265|5 ,  52|3 ,  17|-2 ,  21|1 ,  85|-4 ,  12|-3 ,  194|-3
100:   191|-9 ,  94|2 ,  261|2 ,  31|-4 ,  73|0 ,  198|-3 ,  273|-6 ,  131|-1 ,  85|-8 ,  233|-2 ,  153|-4 ,  234|-4 ,  288|-3 ,  187|-3 ,  209|1 ,  105|-4 ,  78|-2 ,  292|-4 ,  28|-9 ,  222|-6
101:   67|-7 ,  274|-3 ,  195|-6 ,  287|-6 ,  194|-8 ,  234|-13 ,  99|-8 ,  31|-14 ,  130|-10 ,  219|2 ,  126|-9 ,  17|-9 ,  230|-10 ,  258|-12 ,  169|-3
102:   250|4 ,  187|6 ,  222|1 ,  118|3 ,  70|9 ,  171|4 ,  11|8 ,  273|-1 ,  39|9 ,  199|5 ,  1|-1 ,  75|9 ,  10|5 ,  86|8
103:   44|0 ,  186|-4 ,  5|-8 ,  154|-3 ,  142|-8 ,  110|-6 ,  73|3 ,  70|-4 ,  185|-2 ,  220|-7 ,  114|-7 ,  250|-6 ,  211|-3 ,  71|-10 ,  12|-9 ,  217|-9 ,  132|-5 ,  191|-10 ,  291|-9 ,  223|-10 ,  14|-5 ,  262|-4 ,  243|4 ,  171|2
104:   146|0 ,  248|-3 ,  109|-4 ,  134|-7 ,  250|-5 ,  96|3 ,  7|-1 ,  211|-1 ,  138|-8 ,  187|-5 ,  154|2 ,  139|-3 ,  66|3 ,  71|-5 ,  242|-2 ,  194|-7 ,  223|-9 ,  38|-3
105:   20|3 ,  287|10 ,  227|6 ,  198|4 ,  195|6 ,  265|8 ,  139|6 ,  152|5 ,  79|5 ,  17|6 ,  172|9 ,  82|6 ,  110|4 ,  59|7 ,  85|7 ,  43|9 ,  273|4 ,  12|6 ,  220|2 ,  56|7 ,  158|12 ,  251|9 ,  293|3 ,  24|15 ,  288|2 ,  258|6
106:   250|-2 ,  284|-5 ,  109|-3 ,  1|-5 ,  212|-5 ,  77|-2 ,  188|-5 ,  19|7 ,  239|-3 ,  105|-6 ,  228|-4 ,  8|-1 ,  130|-4 ,  43|-6
107:   248|0 ,  284|-3 ,  194|-6 ,  231|0 ,  258|-8 ,  250|-6 ,  18|-2 ,  20|-10 ,  71|-8 ,  104|2 ,  167|-5 ,  215|3 ,  57|4 ,  234|-4 ,  233|-3
108:   172|5 ,  260|1 ,  249|1 ,  227|-4 ,  71|-3 ,  256|2 ,  205|7 ,  127|-1 ,  147|0 ,  156|0 ,  64|3 ,  198|-1 ,  142|-7 ,  23|-2 ,  164|-4 ,  49|4 ,  217|-5 ,  98|-5
109:   5|-3 ,  108|9 ,  206|7 ,  211|7 ,  54|7 ,  79|-2 ,  293|0 ,  253|-5 ,  294|4 ,  42|5 ,  59|2 ,  212|2 ,  152|2 ,  112|6 ,  282|7
110:   5|4 ,  234|4 ,  51|2 ,  133|13 ,  171|7 ,  49|6 ,  132|6 ,  188|8 ,  253|5 ,  8|8 ,  126|1 ,  134|3 ,  238|4 ,  56|3
111:   152|-5 ,  230|0 ,  212|1 ,  294|-4 ,  269|-3 ,  63|3 ,  195|-6 ,  253|-3 ,  222|-3 ,  256|2 ,  250|-5 ,  273|-3 ,  50|-3 ,  131|-7 ,  171|4 ,  105|-3 ,  257|0 ,  51|-6 ,  169|1
112:   281|-2 ,  67|-1 ,  109|2 ,  118|-3 ,  147|3 ,  36|2 ,  23|-2 ,  29|2 ,  134|0 ,  255|4 ,  219|4 ,  12|-1 ,  87|9 ,  43|-2 ,  79|-2 ,  153|-5 ,  185|5 ,  85|-4 ,  3|-1 ,  260|4
113:   232|-7 ,  135|-10 ,  275|-4 ,  47|-5 ,  96|0 ,  97|-5 ,  125|-11 ,  78|-12 ,  249|-11 ,  212|-10 ,  131|-6 ,  196|-3 ,  87|0 ,  98|-9 ,  262|-6 ,  71|-6 ,  294|-6 ,  43|-10 ,  222|-11 ,  148|-4 ,  35|-7 ,  194|-10 ,  198|-6 ,  178|1 ,  172|-1 ,  122|-2 ,  281|-8
114:   86|9 ,  187|0 ,  256|3 ,  217|2 ,  216|6 ,  13|3 ,  125|0 ,  146|7 ,  223|-4 ,  14|4 ,  222|0 ,  141|-3 ,  248|0 ,  230|0
115:   293|-2 ,  33|5 ,  284|6 ,  53|11 ,  102|7 ,  50|-1 ,  134|3 ,  138|1 ,  15|2 ,  44|7 ,  281|0
116:   260|-9 ,  12|-9 ,  85|-9 ,  83|2 ,  258|-8 ,  13|-4 ,  281|-11 ,  139|-8 ,  167|-9 ,  293|-12 ,  188|-6 ,  36|-3 ,  220|-11 ,  7|-9 ,  203|-1 ,  76|-4 ,  150|-4 ,  55|-4
117:   183|9 ,  186|7 ,  26|-3 ,  110|2 ,  255|1 ,  277|8 ,  31|2 ,  173|10 ,  253|-4 ,  78|0 ,  139|1 ,  28|-2 ,  227|-2
118:   63|7 ,  158|7 ,  251|6 ,  289|10 ,  196|8 ,  292|0 ,  176|5 ,  255|4 ,  112|5 ,  42|13 ,  10|7 ,  84|8 ,  172|7 ,  20|2 ,  170|14 ,  11|14 ,  188|8 ,  236|15 ,  239|3 ,  275|7 ,  191|-2
119:   247|3 ,  3|-3 ,  85|-7 ,  230|0 ,  37|4 ,  38|-5 ,  150|4 ,  153|-4 ,  152|-6 ,  251|-1 ,  248|-3 ,  118|-2 ,  141|-4 ,  255|-3 ,  192|-4 ,  15|-4 ,  56|-5
120:   298|2 ,  140|7 ,  222|2 ,  239|0 ,  196|3 ,  141|-3 ,  56|4 ,  209|6 ,  160|4 ,  134|-2 ,  164|2 ,  43|0 ,  194|3 ,  26|-3 ,  250|1 ,  294|1 ,  264|4 ,  12|-3 ,  223|-1
121:   18|2 ,  195|-6 ,  105|-10 ,  247|1 ,  94|0 ,  10|-3 ,  114|-3 ,  210|-7 ,  119|-1 ,  129|-9 ,  26|-9 ,  239|-8 ,  1|-8 ,  158|1 ,  188|-3 ,  233|-7 ,  191|-5 ,  222|-7 ,  256|-3 ,  2|0 ,  198|-7 ,  115|-4 ,  173|-2 ,  79|-10
122:   153|-12 ,  142|-6 ,  203|0 ,  249|-7 ,  127|-7 ,  5|-10 ,  212|-4 ,  253|-8 ,  126|-7 ,  141|-6 ,  160|-2 ,  167|-7 ,  255|-3 ,  31|-11 ,  77|0 ,  15|-10
123:   287|-5 ,  79|-14 ,  228|-8 ,  176|-4 ,  31|-9 ,  262|-4 ,  184|-3 ,  94|-8 ,  251|-4 ,  84|-8 ,  249|-10 ,  277|0 ,  198|-8 ,  134|-9 ,  5|-10 ,  67|-8 ,  258|-11 ,  206|-4 ,  291|-8 ,  78|-12
124:   173|-5 ,  153|-11 ,  210|-5 ,  230|-5 ,  139|-7 ,  49|-7 ,  112|-7 ,  162|-5 ,  260|-4 ,  275|-5 ,  31|-14
125:   56|6 ,  151|4 ,  168|11 ,  118|4 ,  51|2 ,  79|-3 ,  133|5 ,  239|4
126:   18|8 ,  188|5 ,  46|11 ,  192|3 ,  120|5 ,  186|12 ,  169|5 ,  38|4 ,  42|14 ,  208|2 ,  114|10 ,  67|5 ,  187|9 ,  293|4 ,  130|5 ,  167|5 ,  135|5 ,  220|7 ,  249|7 ,  1|4 ,  56|9 ,  228|7
127:   192|1 ,  21|7 ,  35|1 ,  103|9 ,  197|8 ,  48|2 ,  12|-3 ,  242|2 ,  141|0 ,  134|-2 ,  50|-1 ,  281|0 ,  151|9 ,  139|5 ,  119|6 ,  135|-2 ,  73|9 ,  126|-1
128:   160|1 ,  71|0 ,  12|-1 ,  26|-4 ,  191|-5 ,  136|-4 ,  1|-6 ,  3|2 ,  210|-1 ,  251|5 ,  239|0 ,  112|0 ,  67|-2 ,  183|6 ,  84|3 ,  23|0 ,  126|-3 ,  107|6 ,  293|-2 ,  105|-1 ,  2|4 ,  277|8 ,  131|-2 ,  77|2
129:   115|5 ,  23|5 ,  105|3 ,  147|6 ,  86|10 ,  31|-2 ,  98|2 ,  291|5 ,  134|1 ,  109|6 ,  264|9 ,  156|10 ,  217|1 ,  192|0 ,  48|4 ,  67|3
130:   296|2 ,  168|17 ,  174|8 ,  226|6 ,  15|5 ,  180|16 ,  140|8 ,  21|10 ,  262|8 ,  3|4 ,  249|8 ,  291|3 ,  56|7 ,  49|8 ,  258|3 ,  245|4 ,  164|6 ,  191|2 ,  275|5 ,  252|12 ,  77|8 ,  239|1 ,  130|6 ,  6|7 ,  44|7 ,  151|7 ,  256|9 ,  176|10 ,  141|5 ,  26|2
131:   284|8 ,  30|3 ,  112|9 ,  288|0 ,  194|2 ,  210|5 ,  223|1 ,  12|4 ,  62|10 ,  34|8 ,  185|7 ,  255|4 ,  31|-2
132:   105|-4 ,  167|3 ,  2|-1 ,  147|0 ,  217|-2 ,  274|2 ,  93|5 ,  3|0 ,  126|0 ,  56|1 ,  188|0 ,  187|1 ,  227|-2 ,  117|-3 ,  20|-5 ,  223|-4 ,  70|2
133:   38|-4 ,  29|2 ,  292|-7 ,  31|-4 ,  20|-4 ,  37|5 ,  164|-3 ,  77|0 ,  296|-8 ,  78|-3 ,  253|-3 ,  138|0 ,  212|2 ,  153|-7
134:   43|1 ,  1|-1 ,  60|15 ,  152|7 ,  134|5 ,  5|0 ,  177|3 ,  28|-2 ,  188|3 ,  195|0 ,  18|6 ,  174|3 ,  274|11 ,  67|0 ,  224|8 ,  284|7 ,  11|9 ,  169|3 ,  269|3 ,  82|3 ,  219|9 ,  102|3 ,  56|6 ,  129|0 ,  41|8 ,  260|6 ,  239|4
135:   14|5 ,  206|11 ,  226|7 ,  23|7 ,  294|5 ,  147|3 ,  92|10 ,  21|7 ,  98|3 ,  125|3 ,  104|13 ,  224|11 ,  275|3 ,  100|8 ,  252|12 ,  209|8
136:   260|2 ,  153|0 ,  239|0 ,  23|1 ,  22|7 ,  3|2 ,  15|-2 ,  85|2 ,  194|3 ,  149|12 ,  28|0 ,  210|1 ,  274|5 ,  118|-1 ,  273|1
137:   171|-4 ,  258|-12 ,  7|-4 ,  98|-12 ,  43|-8 ,  230|-5 ,  132|-1 ,  2|-3 ,  288|-7 ,  12|-12 ,  105|-12 ,  233|-6 ,  48|-4 ,  147|-3 ,  164|-6 ,  195|-12 ,  112|-4 ,  209|-6
138:   52|11 ,  85|4 ,  78|6 ,  264|8 ,  151|10 ,  126|3 ,  29|9 ,  152|5 ,  125|1 ,  79|-1 ,  258|3 ,  190|9 ,  51|0 ,  274|6 ,  77|7
139:   85|2 ,  4|7 ,  6|5 ,  98|-3 ,  56|4 ,  141|2 ,  133|4 ,  174|3 ,  71|-3 ,  134|-3 ,  148|9 ,  196|5 ,  135|3 ,  63|4 ,  25|6 ,  5|0 ,  258|-1 ,  7|0 ,  67|1 ,  84|5
140:   249|-2 ,  112|1 ,  10|4 ,  164|2 ,  220|0 ,  232|0 ,  253|-7 ,  226|0 ,  192|-3 ,  186|-1 ,  118|-2 ,  37|5 ,  79|-7 ,  174|-4 ,  234|-4 ,  284|-3 ,  110|-7 ,  292|-5 ,  223|-4 ,  195|-2 ,  29|3 ,  2|1 ,  21|2
141:   106|11 ,  133|13 ,  194|4 ,  287|6 ,  219|9 ,  140|11 ,  6|9 ,  250|3 ,  176|8 ,  42|11 ,  94|10
142:   56|7 ,  115|5 ,  85|2 ,  220|3 ,  3|2 ,  248|8 ,  255|10 ,  15|4 ,  164|3 ,  134|3 ,  86|13 ,  226|8 ,  223|2 ,  149|8 ,  7|3 ,  126|2 ,  250|6 ,  5|4 ,  217|0 ,  188|9
143:   11|0 ,  273|-8 ,  252|-4 ,  228|-8 ,  34|-5 ,  31|-9 ,  191|-10 ,  38|-12 ,  212|-8 ,  152|-9 ,  261|-7 ,  214|0 ,  291|-9 ,  174|-8 ,  127|-6 ,  195|-7 ,  132|-5 ,  56|-6 ,  295|1 ,  1|-9 ,  253|-9 ,  77|-6
144:   130|-7 ,  17|-11 ,  185|-4 ,  250|-5 ,  195|-9 ,  47|-4 ,  20|-8 ,  175|2 ,  196|-2 ,  228|-5 ,  210|-1 ,  238|-4 ,  129|-9 ,  189|1 ,  27|0 ,  6|-2 ,  152|-2 ,  255|-3 ,  273|-7 ,  2|-5 ,  202|1
145:   46|8 ,  10|5 ,  189|10 ,  264|7 ,  56|4 ,  198|1 ,  222|1 ,  233|2 ,  210|1 ,  273|-2 ,  278|10 ,  293|1 ,  15|1 ,  162|4 ,  85|3 ,  78|-2 ,  81|11
146:   114|-4 ,  135|-3 ,  233|-5 ,  177|-4 ,  105|-8 ,  23|0 ,  89|0 ,  79|-8 ,  264|1 ,  134|-8 ,  234|-4 ,  153|-7 ,  12|-4 ,  275|-3 ,  183|6 ,  238|-2 ,  96|3 ,  31|-10 ,  97|-6
147:   184|9 ,  208|4 ,  96|11 ,  136|3 ,  133|9 ,  117|-1 ,  98|1 ,  107|10 ,  129|-1 ,  97|2 ,  12|0 ,  152|3 ,  110|2 ,  66|5 ,  232|3 ,  250|-2 ,  189|3
148:   233|-3 ,  57|8 ,  130|-2 ,  49|1 ,  12|-8 ,  214|1 ,  24|3 ,  260|3 ,  79|-7 ,  126|-5 ,  136|1 ,  102|-4 ,  140|3 ,  26|-6 ,  98|-4 ,  152|-2 ,  296|-4 ,  94|1 ,  195|-4 ,  191|-4 ,  176|2 ,  18|-1 ,  255|1 ,  71|-6 ,  248|0
149:   220|-7 ,  248|2 ,  298|-1 ,  151|1 ,  145|-2 ,  67|-7 ,  227|-2 ,  56|-3 ,  98|-6 ,  28|-9 ,  130|-7 ,  291|-1 ,  41|5 ,  210|-1 ,  77|3
150:   110|-3 ,  185|2 ,  38|-4 ,  273|-4 ,  188|-3 ,  134|-7 ,  85|-8 ,  127|-5 ,  136|0 ,  26|-6 ,  233|-5 ,  82|-4 ,  270|5
151:   125|-2 ,  94|2 ,  63|2 ,  152|0 ,  258|0 ,  142|-6 ,  212|-2 ,  115|0 ,  26|-3 ,  177|-4 ,  298|1
152:   26|1 ,  131|2 ,  164|7 ,  12|-2 ,  253|-1 ,  281|3 ,  79|2 ,  78|2 ,  3|6
153:   129|8 ,  6|5 ,  138|7 ,  199|3 ,  228|10 ,  258|3 ,  15|2 ,  120|6 ,  97|9 ,  167|8 ,  26|3 ,  109|6
154:   292|-6 ,  195|-1 ,  258|-5 ,  274|5 ,  85|-1 ,  18|3 ,  210|-2 ,  37|4 ,  84|-1 ,  12|-3 ,  1|-5 ,  212|-2 ,  78|0 ,  187|-3 ,  176|-2
155:   43|-5 ,  22|-4 ,  104|-2 ,  134|-11 ,  12|-13 ,  38|-13 ,  284|-7 ,  73|1 ,  36|-2 ,  59|-3 ,  110|-10 ,  148|0 ,  48|-8 ,  77|-2 ,  105|-11 ,  31|-11 ,  253|-13 ,  239|-7
156:   147|-1 ,  8|-2 ,  152|-2 ,  105|-8 ,  56|-3 ,  132|5 ,  277|8 ,  12|-8 ,  293|-4 ,  131|-6 ,  291|-5 ,  125|1 ,  15|-7 ,  191|-5 ,  6|-1 ,  33|-2 ,  169|-2 ,  255|-3 ,  37|2 ,  120|1 ,  258|-2
157:   118|-8 ,  292|-11 ,  238|-6 ,  109|-7 ,  111|1 ,  117|-4 ,  171|-6 ,  243|-3 ,  199|-5 ,  153|-12 ,  264|-3 ,  48|-4 ,  59|-2 ,  86|-2 ,  31|-12 ,  144|0 ,  152|-11
158:   15|-8 ,  21|3 ,  84|1 ,  293|-3 ,  14|1 ,  135|-2 ,  20|-6 ,  2|1 ,  151|1 ,  12|-4 ,  238|-1 ,  117|-4 ,  29|4 ,  115|-6 ,  119|3 ,  223|-6 ,  222|-4
159:   35|-4 ,  5|-4 ,  109|-2 ,  147|3 ,  276|4 ,  245|-1 ,  56|-1 ,  37|0 ,  21|4 ,  232|2 ,  94|3 ,  220|-5 ,  36|4 ,  3|-1 ,  26|-6 ,  258|0 ,  293|-6 ,  264|2 ,  24|3 ,  61|0 ,  104|7 ,  153|-6 ,  248|3 ,  174|0 ,  192|-3
160:   169|7 ,  153|1 ,  109|1 ,  164|0 ,  220|1 ,  238|1 ,  105|-4 ,  10|6 ,  253|2 ,  222|0 ,  132|4 ,  38|3 ,  277|10 ,  293|-4 ,  127|3 ,  211|3
161:   224|-1 ,  249|-4 ,  281|-9 ,  175|4 ,  288|-5 ,  245|-3 ,  97|-7 ,  141|-7 ,  196|-3 ,  203|1 ,  269|-6 ,  34|0 ,  70|0 ,  105|-7 ,  79|-8 ,  210|-6 ,  5|-8 ,  50|-10 ,  112|0 ,  55|-2
162:   109|1 ,  251|0 ,  5|-1 ,  255|2 ,  82|0 ,  18|1 ,  284|3 ,  130|-5 ,  296|-3 ,  118|-5 ,  164|-3 ,  188|1 ,  31|-1 ,  132|1 ,  21|1 ,  73|4 ,  4|7
163:   288|-12 ,  151|-7 ,  14|-7 ,  12|-9 ,  74|-6 ,  98|-8 ,  258|-7 ,  56|-5 ,  115|-11 ,  67|-9 ,  61|-7 ,  293|-13 ,  135|-11 ,  145|-6 ,  134|-8 ,  227|-7 ,  59|-5 ,  30|-10 ,  192|-9 ,  142|-12 ,  152|-7 ,  84|-7
164:   3|2 ,  133|4 ,  248|4 ,  199|-1 ,  79|1 ,  234|3 ,  63|9 ,  169|2 ,  134|0 ,  145|3 ,  129|4 ,  126|2 ,  12|-1 ,  90|11 ,  5|0 ,  31|-3
165:   142|-7 ,  292|-11 ,  125|-3 ,  156|-4 ,  274|1 ,  126|-10 ,  54|4 ,  71|-10 ,  94|-1 ,  15|-5 ,  106|3 ,  48|-1 ,  37|-1
166:   31|-13 ,  84|-6 ,  27|0 ,  12|-11 ,  10|-8 ,  211|-7 ,  238|-11 ,  191|-8
167:   264|1 ,  233|4 ,  230|4 ,  250|2 ,  258|-1 ,  277|9 ,  82|-2 ,  174|-1 ,  142|1 ,  117|2 ,  76|5 ,  287|7 ,  24|8 ,  79|1 ,  239|-1
168:   35|-3 ,  98|-8 ,  131|-9 ,  82|-2 ,  12|-8 ,  194|-7 ,  67|-3 ,  77|3 ,  253|-11 ,  56|-5 ,  153|-5 ,  59|0 ,  135|-3 ,  21|-1
169:   250|-1 ,  204|10 ,  253|1 ,  38|-1 ,  71|3 ,  141|1 ,  248|6 ,  51|-3 ,  1|-2 ,  86|3 ,  21|5 ,  186|3 ,  209|4 ,  234|2
170:   105|-12 ,  84|-1 ,  12|-8 ,  56|-3 ,  47|-2 ,  296|-11 ,  260|-4 ,  22|2 ,  195|-6 ,  174|-8 ,  248|-5 ,  251|-3 ,  275|-6 ,  222|-6 ,  198|-4 ,  40|2
171:   220|0 ,  150|7 ,  292|-7 ,  251|0 ,  250|-5 ,  253|-3 ,  188|1 ,  131|-4 ,  33|3 ,  195|-3 ,  25|3 ,  212|-3 ,  3|0 ,  156|3 ,  15|-3 ,  26|-2 ,  121|8
172:   2|2 ,  195|-2 ,  222|-7 ,  77|4 ,  139|-4 ,  100|3 ,  239|-3 ,  7|-5 ,  293|-4 ,  194|-3 ,  110|-4 ,  134|-3 ,  109|-4 ,  15|-3 ,  257|2 ,  209|-2 ,  145|-1 ,  52|-2 ,  31|-3 ,  227|-7
173:   85|-8 ,  212|-1 ,  293|-7 ,  6|0 ,  33|-3 ,  194|-4 ,  261|-2 ,  273|-3 ,  210|-1 ,  248|2 ,  99|-1 ,  1|-3 ,  141|-8 ,  135|-1 ,  161|4 ,  253|-9
174:   47|4 ,  160|8 ,  114|5 ,  102|7 ,  231|12 ,  18|7 ,  138|4 ,  191|3 ,  139|5 ,  21|7 ,  233|5 ,  109|3 ,  253|1 ,  118|1 ,  262|7 ,  37|10
175:   17|-9 ,  188|-2 ,  10|-4 ,  255|-3 ,  130|-10 ,  111|2 ,  211|-2 ,  230|-7 ,  222|-10 ,  261|-1 ,  98|-6 ,  12|-10 ,  273|-9 ,  56|-4
176:   275|7 ,  117|1 ,  164|6 ,  149|11 ,  26|2 ,  208|0 ,  174|-2 ,  102|4 ,  195|0 ,  1|-1 ,  94|2 ,  126|-1 ,  141|-2 ,  214|5 ,  59|5 ,  42|5 ,  260|2 ,  114|7
177:   25|13 ,  28|1 ,  43|0 ,  3|3 ,  111|11 ,  187|5 ,  99|3 ,  79|-3 ,  234|3 ,  110|0 ,  71|0 ,  10|7 ,  107|9 ,  173|10 ,  253|3 ,  251|8 ,  248|5
178:   152|-7 ,  28|-9 ,  167|-5 ,  12|-8 ,  231|-2 ,  194|-2 ,  148|2 ,  209|-2 ,  212|-5 ,  199|-1 ,  226|-2 ,  275|-1 ,  184|3 ,  210|-2 ,  35|-6 ,  135|-4 ,  38|-6
179:   4|5 ,  12|-10 ,  130|-6 ,  50|-8 ,  35|-9 ,  67|-6 ,  108|-2 ,  140|-3 ,  38|-9 ,  135|-10 ,  20|-8 ,  10|-1 ,  21|0 ,  23|-3 ,  97|-5 ,  164|-6
180:   76|4 ,  174|-9 ,  296|-10 ,  97|-4 ,  77|-2 ,  191|-8 ,  210|-3 ,  29|-2 ,  293|-8 ,  6|-1 ,  153|-6
181:   228|-4 ,  115|-7 ,  117|-4 ,  153|-9 ,  151|-5 ,  51|-10 ,  230|-10 ,  3|-7 ,  164|-8 ,  176|-6 ,  57|-3 ,  195|-8 ,  5|-14 ,  31|-8 ,  154|-4 ,  12|-12 ,  79|-13 ,  10|-5 ,  284|-5 ,  275|-7 ,  112|-5
182:   90|2 ,  140|-2 ,  296|-11 ,  71|-12 ,  223|-8 ,  187|-4 ,  178|-3 ,  99|-7 ,  68|-4 ,  55|-10 ,  249|-11 ,  82|-7 ,  220|-8 ,  211|-2
183:   82|-2 ,  273|-5 ,  14|-5 ,  55|-5 ,  261|-5 ,  3|-6 ,  15|-6 ,  134|-5 ,  287|0 ,  152|-4 ,  153|-10 ,  258|-3 ,  115|-9 ,  33|-2 ,  57|1 ,  132|-2 ,  238|-8 ,  79|-8 ,  276|1
184:   26|-5 ,  160|1 ,  152|-2 ,  74|2 ,  76|5 ,  13|0 ,  12|-8 ,  43|-4 ,  214|6 ,  15|-6 ,  192|-6 ,  288|-3 ,  158|1 ,  125|1 ,  142|-4 ,  44|-1 ,  184|6
185:   129|-5 ,  154|5 ,  42|2 ,  67|-4 ,  11|6 ,  284|4 ,  15|-2 ,  6|-1 ,  49|0 ,  130|-7 ,  217|-2 ,  78|-1 ,  84|5 ,  242|5 ,  4|9 ,  1|-5 ,  38|-5 ,  85|-6 ,  96|3 ,  131|-4
186:   220|-5 ,  261|0 ,  288|-1 ,  242|0 ,  97|2 ,  152|0 ,  145|-2 ,  210|-1 ,  8|2
187:   199|1 ,  245|2 ,  42|5 ,  162|8 ,  1|-3 ,  31|-4 ,  232|7 ,  38|-3 ,  142|-4 ,  67|-3 ,  273|-3 ,  192|2 ,  111|10 ,  152|3 ,  98|1 ,  174|-3
188:   56|5 ,  57|6 ,  253|-4 ,  210|4 ,  196|6 ,  15|-1 ,  36|8 ,  125|1
189:   7|0 ,  37|1 ,  212|-4 ,  134|-5 ,  288|-2 ,  233|-4 ,  292|-6 ,  206|6 ,  236|4 ,  131|0 ,  8|-1 ,  174|0 ,  38|-6 ,  294|-2 ,  104|2 ,  146|6 ,  253|-7 ,  249|1 ,  273|-2 ,  195|-5
190:   20|-9 ,  21|1 ,  15|-6 ,  250|-8 ,  50|-7 ,  67|-3 ,  142|-8 ,  35|-4 ,  265|2 ,  191|-4 ,  195|-5 ,  138|-5 ,  192|-4 ,  5|-6 ,  98|-9
191:   138|7 ,  296|2 ,  177|8 ,  187|11 ,  196|8 ,  12|6 ,  223|2 ,  98|4 ,  222|6 ,  60|11 ,  120|5 ,  225|10 ,  20|2 ,  31|3 ,  281|2 ,  174|5 ,  142|2
192:   111|8 ,  5|5 ,  228|10 ,  211|6 ,  1|0 ,  212|9 ,  118|5 ,  127|9 ,  232|9 ,  108|9 ,  149|12 ,  134|2 ,  43|3 ,  177|8 ,  296|3 ,  79|5 ,  184|7 ,  202|6 ,  128|9 ,  56|5 ,  15|0
193:   127|-8 ,  269|-8 ,  92|1 ,  47|-2 ,  178|-3 ,  63|-7 ,  281|-8 ,  79|-8 ,  135|-10 ,  119|1 ,  142|-7 ,  4|-3
194:   147|3 ,  177|3 ,  38|0 ,  258|2 ,  148|9 ,  164|2 ,  191|2 ,  264|6 ,  291|2 ,  37|11 ,  76|8 ,  194|1 ,  20|2 ,  134|2
195:   145|7 ,  131|3 ,  153|-1 ,  214|13 ,  12|4 ,  187|7 ,  20|3 ,  278|13 ,  1|4 ,  292|4 ,  13|9 ,  258|2 ,  195|4 ,  249|4 ,  5|1 ,  220|4 ,  15|3 ,  251|11 ,  265|10 ,  63|5 ,  234|3 ,  142|5 ,  106|12
196:   56|-3 ,  2|-1 ,  97|1 ,  138|-5 ,  18|2 ,  215|4 ,  42|3 ,  34|2 ,  245|3 ,  31|-6 ,  149|3 ,  258|-2
197:   234|-10 ,  49|1 ,  239|-11 ,  258|-8 ,  189|1 ,  291|-9 ,  294|-2 ,  215|-2 ,  70|0 ,  71|-10 ,  225|-1 ,  20|-8 ,  161|0 ,  79|-9 ,  142|-6 ,  185|-3 ,  199|-4 ,  187|-6 ,  245|-4 ,  150|-1
198:   174|4 ,  142|-2 ,  292|-1 ,  117|6 ,  34|10 ,  131|2 ,  84|5 ,  125|5 ,  233|1 ,  23|3 ,  151|5 ,  145|2 ,  3|3 ,  24|10 ,  273|-4
199:   264|2 ,  191|1 ,  66|7 ,  144|12 ,  230|1 ,  293|2 ,  228|6 ,  199|6 ,  112|4 ,  292|4 ,  111|6 ,  222|-1 ,  212|3 ,  33|7 ,  61|8 ,  109|2 ,  35|3 ,  73|9 ,  12|1
200:   174|-9 ,  79|-8 ,  24|0 ,  249|-9 ,  248|-3 ,  253|-13 ,  63|-2 ,  23|-8 ,  47|-6 ,  210|-8 ,  90|-4 ,  291|-8 ,  1|-14 ,  56|-4
201:   69|4 ,  43|-10 ,  260|-5 ,  10|-7 ,  103|0 ,  90|-4 ,  38|-11 ,  239|-7 ,  12|-11 ,  84|-6 ,  105|-12
202:   79|-3 ,  140|5 ,  188|-2 ,  238|-3 ,  49|0 ,  240|5 ,  33|4 ,  50|-1 ,  142|-6 ,  36|2 ,  26|-5 ,  134|-1 ,  175|4 ,  203|6 ,  167|2 ,  152|0
203:   73|4 ,  36|5 ,  281|-6 ,  51|-7 ,  245|-5 ,  129|-3 ,  293|-7 ,  56|-6 ,  147|0 ,  115|-3 ,  296|-5 ,  139|-2 ,  170|8
204:   70|1 ,  152|-6 ,  220|-4 ,  187|-6 ,  35|-2 ,  250|-6 ,  224|4 ,  214|2 ,  1|-11 ,  51|-9 ,  158|1 ,  135|-6 ,  194|-6 ,  291|-2 ,  79|-8 ,  252|-1
205:   136|0 ,  147|1 ,  130|-9 ,  220|-3 ,  97|-3 ,  26|-8 ,  131|-6 ,  56|-4 ,  265|-2 ,  210|-1
206:   192|-5 ,  79|-6 ,  35|-5 ,  239|-3 ,  47|1 ,  17|-2 ,  199|-5 ,  227|-4 ,  50|-3 ,  15|-7 ,  51|-7 ,  191|-8 ,  194|1 ,  222|-4 ,  211|0 ,  131|-1 ,  115|0 ,  82|-1
207:   17|-7 ,  167|-3 ,  227|-8 ,  209|1 ,  117|-4 ,  105|-10 ,  153|-8 ,  90|4 ,  253|-6 ,  36|3 ,  78|-4 ,  8|-5 ,  228|-1 ,  176|-3
208:   208|0 ,  204|8 ,  126|1 ,  49|10 ,  48|3 ,  212|3 ,  174|-1 ,  296|-3 ,  294|3 ,  153|0 ,  118|1 ,  5|-2 ,  287|9 ,  220|-1 ,  31|0 ,  264|6 ,  86|6 ,  147|8 ,  253|1 ,  13|6
209:   111|7 ,  171|7 ,  156|5 ,  223|-7 ,  147|2 ,  187|-1 ,  265|1 ,  189|6 ,  174|-1 ,  152|1 ,  12|-3 ,  2|4 ,  244|5 ,  239|-5 ,  250|-4 ,  196|3 ,  288|-4 ,  215|6 ,  145|-2 ,  30|1 ,  226|3 ,  92|7
210:   264|7 ,  63|8 ,  56|1 ,  82|5 ,  253|-1 ,  100|6 ,  275|2 ,  31|-2 ,  209|7 ,  234|-2 ,  256|6 ,  261|3 ,  293|-2 ,  185|7
211:   164|0 ,  195|-4 ,  38|0 ,  141|-2 ,  90|6 ,  294|-1 ,  36|7 ,  49|3 ,  256|3 ,  98|-6 ,  189|4 ,  153|-1 ,  5|-7 ,  145|-3 ,  188|3 ,  148|1 ,  152|-1 ,  211|0
212:   227|-2 ,  291|5 ,  38|1 ,  1|-2 ,  170|8 ,  15|-3 ,  31|2 ,  84|8 ,  251|3 ,  20|1 ,  203|10 ,  240|8 ,  293|-3 ,  152|0 ,  269|7 ,  118|4
213:   3|-10 ,  248|-3 ,  140|-6 ,  38|-12 ,  67|-8 ,  250|-10 ,  86|-2 ,  273|-11 ,  287|-2 ,  55|-5 ,  10|-4 ,  79|-12 ,  24|-3 ,  162|-5 ,  56|-9 ,  117|-6 ,  35|-8 ,  50|-13 ,  93|-5 ,  77|-4
214:   185|0 ,  31|-5 ,  139|-4 ,  98|-9 ,  26|-6 ,  87|4 ,  273|-5 ,  248|-1 ,  8|-5 ,  44|-1 ,  79|-3 ,  227|-8 ,  23|-3 ,  228|0 ,  57|3 ,  292|-2 ,  92|2
215:   38|-7 ,  12|-4 ,  44|0 ,  216|4 ,  31|-8 ,  194|-3 ,  110|-3 ,  106|5 ,  284|1 ,  248|-1 ,  67|0 ,  17|-3 ,  34|3 ,  154|6 ,  99|3 ,  252|3 ,  33|1 ,  97|-2 ,  192|-4 ,  1|-7 ,  210|1
216:   31|-6 ,  248|-4 ,  105|-6 ,  63|-3 ,  6|-4 ,  56|-2 ,  97|-4 ,  38|-10 ,  51|-8 ,  223|-7
217:   223|5 ,  67|3 ,  79|5 ,  30|6 ,  31|2 ,  85|0 ,  160|3 ,  12|3 ,  28|4 ,  120|4 ,  127|4 ,  36|13 ,  59|8 ,  212|6 ,  186|9 ,  174|1 ,  111|14 ,  118|3 ,  77|13 ,  258|5 ,  56|4 ,  136|8 ,  1|0 ,  55|3
218:   184|-2 ,  227|-12 ,  23|-6 ,  278|-5 ,  118|-12 ,  257|-2 ,  228|-5 ,  211|-4 ,  31|-8 ,  152|-8 ,  146|-4 ,  4|3 ,  248|-6
219:   132|0 ,  3|-1 ,  209|-2 ,  120|-1 ,  139|1 ,  228|0 ,  127|-6 ,  227|-9 ,  85|-6 ,  130|-10 ,  99|1 ,  1|-6 ,  138|-8 ,  256|-3 ,  35|-1
220:   118|6 ,  260|4 ,  130|0 ,  57|8 ,  139|9 ,  8|3 ,  242|5 ,  12|0 ,  250|4 ,  188|3 ,  219|8 ,  134|4 ,  98|2 ,  90|9 ,  96|8 ,  288|5 ,  141|3
221:   244|-4 ,  15|-8 ,  1|-11 ,  234|-10 ,  59|-4 ,  251|-3 ,  174|-12 ,  177|-11 ,  203|-4
222:   30|5 ,  38|1 ,  6|9 ,  147|7 ,  135|3 ,  99|9 ,  150|10 ,  153|3 ,  234|2 ,  177|2 ,  227|2 ,  148|13 ,  87|10 ,  15|5 ,  251|8 ,  3|8
223:   148|13 ,  195|5 ,  102|5 ,  281|8 ,  268|12 ,  20|2 ,  79|1 ,  117|6 ,  125|9 ,  109|5 ,  5|3 ,  1|0 ,  208|8 ,  88|16 ,  26|3 ,  153|0 ,  145|10 ,  293|6 ,  174|3 ,  152|9
224:   105|-10 ,  191|-9 ,  25|1 ,  14|-5 ,  135|-2 ,  293|-4 ,  41|1 ,  171|-2 ,  110|-5 ,  184|3 ,  44|2 ,  139|-1 ,  141|-7 ,  231|-1 ,  198|-3 ,  188|-6 ,  262|4 ,  249|-2 ,  18|-2 ,  243|5 ,  134|-8 ,  36|1
225:   228|0 ,  135|-3 ,  211|1 ,  37|2 ,  258|-4 ,  142|-6 ,  138|-6 ,  23|-6 ,  281|-7 ,  175|2 ,  192|-8 ,  82|-4 ,  130|-5 ,  98|-8 ,  41|3
226:   196|4 ,  293|-2 ,  265|1 ,  49|4 ,  275|1 ,  6|0 ,  185|3 ,  48|7 ,  1|-2 ,  239|-4 ,  184|4 ,  23|2 ,  132|6 ,  67|-1 ,  208|1 ,  253|-5 ,  130|-4 ,  243|7
227:   273|1 ,  111|8 ,  43|7 ,  154|12 ,  59|10 ,  208|8 ,  236|12 ,  274|6 ,  18|6 ,  8|3 ,  3|4 ,  14|7 ,  10|6 ,  34|11 ,  20|-1
228:   223|-5 ,  247|7 ,  48|2 ,  191|0 ,  56|2 ,  5|-3 ,  211|7 ,  154|2 ,  81|5 ,  67|2 ,  152|-1 ,  31|-2 ,  149|5 ,  248|2
229:   203|-3 ,  114|-3 ,  26|-8 ,  70|-6 ,  293|-9 ,  248|-4 ,  2|-3 ,  12|-14 ,  167|-9 ,  79|-12 ,  255|-9 ,  158|1 ,  129|-12 ,  187|-3 ,  281|-11 ,  253|-10
230:   139|7 ,  35|5 ,  164|5 ,  120|3 ,  292|0 ,  228|9 ,  44|9 ,  222|-1 ,  151|10 ,  234|0 ,  3|2 ,  41|10
231:   159|4 ,  134|0 ,  234|-4 ,  30|-5 ,  49|5 ,  217|-5 ,  176|-1 ,  198|-2 ,  287|4 ,  227|-3 ,  212|-4 ,  142|-2 ,  38|-3 ,  120|1 ,  223|-4 ,  185|1
232:   12|-6 ,  111|4 ,  28|-6 ,  44|2 ,  255|1 ,  17|-6 ,  50|1 ,  31|-4 ,  26|1 ,  230|-3 ,  5|-1 ,  119|4 ,  3|2 ,  118|0 ,  217|-1 ,  125|3
233:   1|-3 ,  35|1 ,  195|3 ,  2|6 ,  172|11 ,  38|1 ,  292|4 ,  139|4 ,  208|4 ,  126|-1 ,  293|-3 ,  269|2 ,  87|8 ,  85|-1 ,  242|7 ,  234|2 ,  42|11 ,  105|3 ,  111|11 ,  257|8
234:   273|4 ,  186|10 ,  90|13 ,  230|8 ,  225|14 ,  29|8 ,  120|3 ,  212|6 ,  245|3 ,  185|8 ,  64|14 ,  56|4 ,  114|8 ,  98|4
235:   43|-5 ,  281|-10 ,  79|-13 ,  59|-3 ,  256|-5 ,  260|-4 ,  126|-10 ,  154|-5 ,  141|-9 ,  125|-8 ,  215|-6 ,  30|-10 ,  245|-5 ,  97|-9 ,  15|-7 ,  220|-11 ,  91|-1
236:   10|-5 ,  222|-5 ,  37|1 ,  191|-6 ,  195|-6 ,  135|-5 ,  224|-2 ,  130|-6 ,  78|-8 ,  293|-12 ,  67|-6 ,  109|-5 ,  97|-6 ,  231|-2 ,  167|-7 ,  265|-2
237:   31|-12 ,  48|-2 ,  117|-10 ,  56|-6 ,  177|-11 ,  73|-5 ,  109|-3 ,  86|-3 ,  82|-9 ,  230|-5 ,  250|-10 ,  258|-9 ,  162|-6 ,  7|-10 ,  288|-7 ,  147|-3 ,  292|-10 ,  42|0
238:   253|-2 ,  188|6 ,  110|3 ,  149|10 ,  36|12 ,  233|2 ,  105|2 ,  55|6 ,  120|2 ,  215|9 ,  210|2 ,  71|0 ,  31|0 ,  51|3 ,  2|8 ,  172|11 ,  97|2 ,  152|6 ,  5|-2 ,  70|7
239:   152|2 ,  239|5 ,  78|5 ,  12|4 ,  264|8 ,  227|0 ,  211|10 ,  73|14 ,  117|9 ,  147|6 ,  42|10 ,  50|1 ,  14|8 ,  223|4 ,  162|6 ,  178|14 ,  59|5 ,  66|14 ,  63|11 ,  262|9
240:   108|1 ,  273|-4 ,  260|0 ,  212|-1 ,  52|-3 ,  274|2 ,  178|3 ,  97|-4 ,  10|1 ,  239|-8 ,  14|-4 ,  248|-5 ,  98|-7 ,  281|-2
241:   15|-9 ,  43|-10 ,  292|-13 ,  130|-10 ,  187|-6 ,  248|-6 ,  60|-2 ,  140|-6 ,  51|-13 ,  81|-2
242:   102|-2 ,  164|4 ,  5|-5 ,  114|-1 ,  49|4 ,  223|0 ,  150|3 ,  195|-1 ,  118|1 ,  130|0 ,  269|4 ,  175|8 ,  247|5 ,  26|-5 ,  264|-1 ,  115|1 ,  126|0 ,  242|5 ,  133|7
243:   174|-9 ,  59|1 ,  296|-6 ,  258|-8 ,  190|5 ,  188|-3 ,  12|-7 ,  3|-3 ,  240|0 ,  47|-4 ,  102|-7
244:   111|2 ,  220|-5 ,  131|-2 ,  76|5 ,  191|-7 ,  167|-3 ,  263|6 ,  281|-2 ,  86|3 ,  56|2 ,  294|-1 ,  31|-6 ,  20|-4 ,  15|-6 ,  273|-4
245:   293|0 ,  107|9 ,  194|2 ,  97|4 ,  59|5 ,  197|14 ,  171|9 ,  150|7 ,  253|-2 ,  239|0 ,  71|0 ,  248|7 ,  44|4 ,  187|3 ,  28|-2 ,  35|0 ,  74|3 ,  217|2 ,  23|1
246:   153|-11 ,  172|-1 ,  188|-6 ,  77|-2 ,  15|-7 ,  34|1 ,  223|-8 ,  23|-9 ,  3|-8 ,  125|-6 ,  164|-6 ,  145|-10
247:   232|-4 ,  109|1 ,  120|-4 ,  195|-2 ,  239|-9 ,  153|-4 ,  199|-4 ,  226|1 ,  148|2 ,  17|-10 ,  94|1 ,  128|-2 ,  184|-1 ,  152|-6 ,  105|-5 ,  134|-2 ,  18|2
248:   110|-2 ,  288|2 ,  281|-3 ,  106|10 ,  132|2 ,  253|-3 ,  31|-1 ,  252|8 ,  95|8 ,  198|-1 ,  38|-1 ,  296|-3 ,  36|9 ,  83|12 ,  138|0 ,  20|-4
249:   66|8 ,  208|1 ,  294|8 ,  207|9 ,  57|13 ,  136|4 ,  256|3 ,  152|4 ,  287|7 ,  125|4 ,  147|2 ,  43|4 ,  70|8 ,  151|10 ,  98|-2
250:   217|1 ,  294|5 ,  291|1 ,  31|4 ,  112|8 ,  258|0 ,  293|1 ,  260|6 ,  42|7 ,  249|4 ,  70|6 ,  17|-2 ,  3|1 ,  67|0 ,  12|-2 ,  52|5 ,  177|3 ,  250|0 ,  35|1
251:   15|-5 ,  63|3 ,  10|1 ,  48|5 ,  273|-7 ,  165|5 ,  154|4 ,  67|-2 ,  185|4 ,  74|-1 ,  227|-4 ,  298|0 ,  61|-2 ,  293|-1 ,  14|0 ,  18|0 ,  7|-2 ,  105|-5 ,  20|-6 ,  6|0 ,  125|-3 ,  203|4 ,  195|-4
252:   13|3 ,  146|3 ,  115|-3 ,  98|-8 ,  136|1 ,  8|-3 ,  38|-7 ,  293|-6 ,  160|1 ,  177|-3 ,  195|-5 ,  66|3 ,  43|-4 ,  93|4 ,  40|8 ,  31|-3 ,  202|4 ,  142|-3 ,  23|1 ,  127|1
253:   6|6 ,  63|9 ,  273|6 ,  253|4 ,  217|7 ,  102|4 ,  146|10 ,  167|9 ,  111|9 ,  21|7 ,  223|5 ,  227|3 ,  12|6 ,  28|6 ,  108|8 ,  250|2 ,  210|5 ,  141|7
254:   28|-14 ,  52|-7 ,  10|-8 ,  20|-14 ,  43|-10 ,  196|-5 ,  74|-2 ,  238|-12 ,  30|-8 ,  162|-3 ,  63|-5
255:   205|5 ,  6|6 ,  212|4 ,  19|7 ,  233|4 ,  194|-1 ,  144|6 ,  242|4 ,  17|-5 ,  40|6 ,  288|0 ,  133|4
256:   234|-1 ,  130|0 ,  102|2 ,  26|1 ,  214|3 ,  77|8 ,  154|3 ,  226|2 ,  141|-2 ,  47|4 ,  219|6 ,  194|-3 ,  131|-2 ,  293|-3 ,  36|7
257:   109|0 ,  273|-4 ,  4|4 ,  95|9 ,  226|2 ,  15|-3 ,  190|5 ,  158|3 ,  217|-8 ,  208|-3 ,  184|2 ,  43|-3 ,  147|2 ,  135|-7
258:   31|2 ,  26|5 ,  264|3 ,  164|2 ,  223|-2 ,  10|10 ,  8|3 ,  238|1 ,  249|1 ,  42|9 ,  5|1 ,  47|9 ,  120|5 ,  281|1 ,  278|9
259:   239|-11 ,  43|-5 ,  130|-11 ,  36|0 ,  212|-5 ,  16|1 ,  194|-9 ,  293|-12 ,  154|1 ,  153|-12 ,  192|-8 ,  69|6 ,  20|-11 ,  186|-5 ,  97|-8 ,  56|-2 ,  44|-5
260:   93|5 ,  179|7 ,  138|-3 ,  177|-1 ,  141|-3 ,  98|-5 ,  244|3 ,  97|2 ,  130|-4 ,  230|4 ,  29|2 ,  262|5 ,  21|2 ,  135|0
261:   62|7 ,  98|-3 ,  15|-1 ,  111|8 ,  196|2 ,  105|-3 ,  249|-1 ,  230|-2 ,  223|-3 ,  192|-3 ,  67|-4 ,  125|1 ,  250|-1 ,  79|-2
262:   239|-1 ,  220|-5 ,  149|1 ,  126|-3 ,  130|-7 ,  242|-1 ,  268|10 ,  174|-2 ,  141|-3 ,  114|-1 ,  119|1 ,  191|-3 ,  222|-7 ,  202|0 ,  138|-3 ,  36|2 ,  98|-6 ,  60|3 ,  250|-6
263:   1|-11 ,  265|-4 ,  23|-6 ,  169|-6 ,  105|-6 ,  30|-9 ,  210|-6 ,  177|-7 ,  120|-4 ,  130|-7 ,  20|-9 ,  78|-9 ,  173|-1 ,  73|0 ,  261|-4 ,  206|-1 ,  29|0
264:   67|-2 ,  184|6 ,  192|1 ,  153|-3 ,  160|3 ,  151|5 ,  202|8 ,  226|0 ,  294|4 ,  17|-3 ,  248|3 ,  293|-3 ,  125|2 ,  87|8 ,  41|9 ,  56|5 ,  131|-3 ,  142|-4 ,  71|-3 ,  171|5
265:   7|3 ,  128|3 ,  15|0 ,  153|-3 ,  194|3 ,  59|0 ,  6|5 ,  238|-3 ,  273|-6 ,  134|1 ,  18|1 ,  56|-2 ,  253|-1 ,  178|8
266:   134|-9 ,  298|-4 ,  98|-14 ,  1|-13 ,  145|-8 ,  139|-7 ,  97|-5 ,  250|-11 ,  174|-9 ,  142|-8 ,  121|1 ,  253|-14 ,  12|-11 ,  177|-6 ,  292|-11 ,  249|-11 ,  8|-5
267:   167|-9 ,  239|-13 ,  17|-10 ,  47|-3 ,  230|-10 ,  5|-11 ,  153|-14 ,  152|-7 ,  147|-9 ,  211|-6 ,  28|-10 ,  156|-1 ,  194|-6 ,  135|-11 ,  106|-4
268:   220|-4 ,  208|-7 ,  114|-5 ,  153|-9 ,  59|-6 ,  68|2 ,  98|-10 ,  120|-5 ,  43|-7 ,  292|-7 ,  85|-9 ,  212|-3 ,  210|-6 ,  26|-8
269:   183|10 ,  187|0 ,  97|5 ,  158|8 ,  270|7 ,  169|0 ,  277|7 ,  125|4 ,  85|1 ,  118|-1 ,  210|1 ,  67|1 ,  212|2 ,  253|-4 ,  98|-3 ,  109|2 ,  164|1 ,  102|0
270:   51|-6 ,  17|-7 ,  176|-2 ,  191|-7 ,  130|-9 ,  217|-10 ,  42|0 ,  56|-8 ,  127|-3 ,  212|-6 ,  192|-8 ,  294|-3 ,  208|-3 ,  174|-6 ,  3|-4 ,  125|-6 ,  292|-11 ,  152|-3 ,  12|-11 ,  94|0 ,  1|-8
271:   131|-7 ,  141|-7 ,  12|-13 ,  107|1 ,  284|-8 ,  130|-8 ,  264|-5 ,  117|-5 ,  250|-10 ,  95|-2 ,  112|-7 ,  223|-14 ,  288|-10 ,  20|-9 ,  220|-9 ,  17|-13 ,  50|-13
272:   67|-6 ,  126|-8 ,  115|-7 ,  82|-6 ,  139|-5 ,  71|-11 ,  15|-10 ,  208|-8 ,  108|-6 ,  3|-8 ,  55|-9 ,  222|-9 ,  273|-8 ,  41|-3 ,  250|-10 ,  98|-10 ,  12|-14 ,  269|-7 ,  287|-4 ,  164|-5 ,  20|-12 ,  152|-5
273:   172|14 ,  56|4 ,  202|12 ,  242|9 ,  209|10 ,  156|13 ,  293|5 ,  36|14 ,  249|6 ,  7|4 ,  287|7 ,  217|4 ,  158|12 ,  279|14 ,  149|13 ,  105|3 ,  14|4 ,  2|10 ,  206|12 ,  41|10 ,  33|8
274:   202|6 ,  199|-1 ,  20|-5 ,  6|1 ,  129|-3 ,  61|2 ,  115|0 ,  294|1 ,  94|4 ,  15|-6 ,  253|-3 ,  230|0
275:   135|-1 ,  115|-1 ,  232|1 ,  187|1 ,  3|2 ,  118|0 ,  264|2 ,  249|4 ,  136|-2 ,  228|4 ,  129|0 ,  253|-5 ,  84|1 ,  94|7 ,  258|-3
276:   191|-9 ,  98|-7 ,  135|-3 ,  210|-5 ,  31|-10 ,  214|-2 ,  20|-5 ,  292|-10 ,  142|-4 ,  17|-5 ,  19|6 ,  298|-2 ,  47|-5 ,  105|-5 ,  205|-2 ,  97|-3 ,  152|-3 ,  264|-3 ,  117|-1 ,  212|-1 ,  147|0
277:   153|-10 ,  208|-4 ,  247|5 ,  164|0 ,  195|-4 ,  192|-9 ,  274|1 ,  248|-1 ,  52|-2 ,  128|-3 ,  284|-4 ,  78|-5 ,  12|-8 ,  68|5 ,  56|-5
278:   264|1 ,  130|-9 ,  125|-3 ,  208|-5 ,  139|-1 ,  293|-9 ,  115|-2 ,  295|4 ,  127|-3 ,  13|1 ,  209|-2 ,  50|-7 ,  191|-6 ,  227|-7 ,  176|-2 ,  152|-3 ,  185|4 ,  126|-8 ,  288|-3 ,  211|3 ,  47|3 ,  117|-5
279:   153|-10 ,  79|-6 ,  126|-7 ,  86|-3 ,  188|-3 ,  191|-11 ,  222|-10 ,  97|-7 ,  233|-5 ,  56|-3 ,  238|-9
280:   227|-8 ,  287|-4 ,  253|-12 ,  129|-7 ,  228|-8 ,  212|-4 ,  43|-9 ,  31|-11 ,  250|-12 ,  1|-9 ,  191|-12 ,  160|-5 ,  20|-13 ,  126|-7 ,  28|-10 ,  248|-7 ,  110|-8 ,  5|-8 ,  296|-12 ,  223|-13
281:   174|3 ,  118|4 ,  20|1 ,  220|1 ,  244|10 ,  99|5 ,  252|7 ,  262|10 ,  50|5 ,  48|8 ,  1|0 ,  31|0 ,  30|5 ,  251|6 ,  131|1 ,  102|5 ,  188|5 ,  56|6 ,  187|6 ,  230|4 ,  26|1 ,  167|4 ,  164|8
282:   37|1 ,  110|-8 ,  152|-8 ,  220|-6 ,  136|-3 ,  288|-10 ,  64|4 ,  21|-4 ,  12|-12 ,  41|-1 ,  292|-7 ,  212|-2 ,  164|-6 ,  169|-2 ,  185|-3 ,  1|-7
283:   293|-12 ,  120|-6 ,  194|-7 ,  98|-14 ,  37|-1 ,  134|-7 ,  260|-4 ,  291|-10 ,  97|-7 ,  239|-9 ,  34|0 ,  31|-9 ,  109|-6 ,  79|-10 ,  152|-5 ,  23|-6 ,  209|-7 ,  28|-14 ,  215|-6 ,  249|-9 ,  5|-12 ,  298|-8
284:   141|-4 ,  176|5 ,  291|-1 ,  33|2 ,  3|4 ,  178|7 ,  31|-4 ,  215|9 ,  29|4 ,  117|1 ,  192|1 ,  191|-2 ,  263|7 ,  73|5 ,  167|4 ,  126|-4 ,  242|1 ,  195|-3 ,  78|-2 ,  274|3 ,  110|-2
285:   152|-4 ,  126|-7 ,  159|1 ,  130|-9 ,  273|-6 ,  186|0 ,  47|-5 ,  129|-5 ,  21|-4 ,  169|-6 ,  198|-6 ,  71|-6 ,  230|-3 ,  293|-12 ,  48|0 ,  199|-6 ,  167|-1 ,  54|1 ,  115|-9
286:   294|-9 ,  109|-8 ,  28|-14 ,  255|-7 ,  147|-8 ,  85|-7 ,  293|-11 ,  209|-5 ,  30|-9 ,  92|-5 ,  23|-4 ,  154|-6 ,  208|-7 ,  70|-5 ,  108|0 ,  43|-8 ,  142|-12 ,  106|-2
287:   26|0 ,  61|-2 ,  38|-5 ,  6|3 ,  28|-6 ,  233|0 ,  89|7 ,  35|2 ,  239|-3 ,  126|-4 ,  18|0 ,  212|-3 ,  129|-3 ,  202|4
288:   48|4 ,  191|0 ,  78|2 ,  187|9 ,  132|11 ,  62|9 ,  265|9 ,  176|3 ,  196|7 ,  138|3 ,  105|2 ,  144|12 ,  142|4 ,  14|6 ,  169|3 ,  258|1
289:   252|-3 ,  82|-3 ,  79|-10 ,  1|-6 ,  28|-6 ,  209|-4 ,  139|-2 ,  265|-3 ,  184|0 ,  296|-8 ,  134|-8 ,  38|-11 ,  199|-9 ,  130|-12 ,  223|-6 ,  5|-7
290:   138|-12 ,  41|-2 ,  1|-12 ,  245|-6 ,  296|-12 ,  2|-6 ,  34|-4 ,  79|-10 ,  222|-7 ,  250|-9 ,  87|0 ,  94|-7 ,  238|-9
291:   27|11 ,  292|4 ,  43|2 ,  129|1 ,  265|3 ,  138|1 ,  248|5 ,  135|3 ,  162|10 ,  20|0 ,  21|5
292:   10|7 ,  253|5 ,  5|5 ,  50|4 ,  210|7 ,  180|14 ,  192|6 ,  117|6 ,  262|8 ,  257|9 ,  284|6 ,  292|2 ,  281|4 ,  71|6 ,  134|4 ,  261|5 ,  247|15 ,  234|5 ,  12|2
293:   89|16 ,  294|6 ,  30|5 ,  71|6 ,  28|1 ,  210|10 ,  102|9 ,  249|6 ,  216|11 ,  8|7 ,  12|3 ,  199|8 ,  274|7 ,  227|6 ,  172|11
294:   298|7 ,  42|6 ,  85|-1 ,  13|6 ,  31|-2 ,  250|1 ,  149|10 ,  3|-1 ,  284|1 ,  170|9 ,  12|-2 ,  48|2 ,  38|0 ,  208|-2 ,  292|-4 ,  176|3 ,  23|5 ,  55|-1 ,  222|2 ,  107|9 ,  115|-1 ,  251|6 ,  33|2
295:   127|-1 ,  191|-9 ,  178|-1 ,  238|-5 ,  97|-6 ,  98|-11 ,  40|1 ,  176|-3 ,  296|-7 ,  126|-5 ,  38|-7 ,  214|3 ,  139|-6 ,  187|-2 ,  130|-6 ,  273|-5
296:   103|12 ,  253|1 ,  97|6 ,  118|6 ,  55|8 ,  59|7 ,  257|13 ,  293|4 ,  38|4 ,  167|5 ,  292|4 ,  247|11 ,  15|2 ,  139|11 ,  129|7 ,  296|1 ,  62|11 ,  76|14
297:   117|-8 ,  48|-4 ,  281|-9 ,  152|-5 ,  13|-6 ,  97|-9 ,  15|-10 ,  44|-3 ,  125|-10 ,  26|-9 ,  234|-13 ,  291|-11 ,  127|-7 ,  135|-9 ,  29|-7 ,  196|-5 ,  60|0
298:   158|4 ,  250|2 ,  174|2 ,  74|4 ,  31|0 ,  43|-1 ,  139|1 ,  21|0 ,  3|-1 ,  164|-1 ,  135|-1 ,  15|-3 ,  187|5 ,  223|-6 ,  208|3 ,  264|2 ,  1|-4 ,  26|1 ,  167|-1 ,  136|2
299:   131|-3 ,  189|3 ,  85|1 ,  112|7 ,  258|-2 ,  52|1 ,  1|-5 ,  5|-5 ,  296|-1 ,  239|1 ,  152|-3 ,  55|4 ,  188|-2 ,  50|0 ,  191|-4 ,  74|5 ,  37|4 ,  127|1 ,  141|-4 ,  150|7
300:   277|12 ,  12|-3 ,  174|-1 ,  253|-2 ,  298|9 ,  17|-2 ,  33|7 ,  84|7 ,  226|8 ,  158|10 ,  249|0 ,  140|7 ,  37|10 ,  8|0 ,  232|9 ,  152|4 ,  20|-1 ,  100|8

